metero/data/60.t.json
{"header": { "discipline":0, "disciplineName":"Meteorological products", "gribEdition":2, "gribLength":81410, "center":38, "centerName":"Beijing (RSMC)", "subcenter":0, "refTime":"2014-04-24T12:00:00.000Z", "significanceOfRT":1, "significanceOfRTName":"Start of forecast", "productStatus":0, "productStatusName":"Operational products", "productType":1, "productTypeName":"Forecast products", "productDefinitionTemplate":0, "productDefinitionTemplateName":"Analysis/forecast at horizontal level/layer at a point in time", "parameterCategory":0, "parameterCategoryName":"Temperature", "parameterNumber":0, "parameterNumberName":"Temperature", "parameterUnit":"K", "genProcessType":2, "genProcessTypeName":"Forecast", "forecastTime":3, "surface1Type":100, "surface1TypeName":"Isobaric surface", "surface1Value":50000.0, "surface2Type":255, "surface2TypeName":"Missing", "surface2Value":0.0, "gridDefinitionTemplate":0, "gridDefinitionTemplateName":"Latitude_Longitude", "numberPoints":64800, "shape":6, "shapeName":"Earth spherical with radius of 6,371,229.0 m", "gridUnits":"degrees", "resolution":48, "winds":"true", "scanMode":64, "nx":360, "ny":180, "basicAngle":0, "lo1":0.0, "la1":-90.0, "lo2":359.0, "la2":89.0, "dx":1.0, "dy":1.0 }, "data":
[rows 112 to 139 of 180, columns 63 to 125 of 360]
265.7709,266.0493,266.2493,266.2501,266.3717,266.4005,266.6501,266.9301,267.4461,267.3317,267.4021,267.1469,266.7677,266.5125,266.3789,266.2869,266.1933,266.1117,266.1205,266.0933,266.7149,266.6349,267.0141,266.9413,268.0389,267.4661,268.1269,268.8077,269.1157,268.8429,267.9397,268.1205,267.7653,267.7101,267.7885,267.4141,267.6997,267.6221,267.9381,268.2485,268.5573,268.1445,268.1885,267.5861,267.4749,268.3205,268.6485,268.5237,268.3949,268.2165,268.7285,269.4357,269.3181,269.0149,269.4013,268.9277,268.8061,268.7333,268.2573,268.1221,268.0821,268.1589,268.0421
265.3293,265.4941,265.6237,265.7669,265.9429,265.9773,266.0381,266.2181,266.4525,266.5405,266.5165,266.2605,265.9829,265.7605,265.6557,265.7237,265.7301,265.6229,265.5301,265.5077,265.5621,265.6149,265.7917,266.1893,266.8221,267.4869,267.4989,267.8205,268.1525,267.9517,267.7733,267.5013,267.7885,267.4669,266.9269,266.5973,266.9309,267.6245,267.5621,268.1621,268.6101,269.1373,268.2805,267.3485,267.4285,267.9933,268.6237,268.7085,268.6437,268.4405,268.9189,269.3157,269.3725,269.0077,270.2085,268.8493,269.2117,268.3613,267.9765,267.6549,267.4485,267.2349,267.2653
265.1997,265.6149,265.5333,265.4853,265.4341,265.3837,265.4605,265.6501,265.7837,265.6981,265.4101,265.3733,265.2709,265.2997,265.1765,265.0709,265.0885,265.1117,265.0917,265.2317,265.1501,265.2973,265.1165,264.9957,265.1653,265.8013,266.7149,266.4661,266.9797,267.3053,267.0533,266.4925,266.5853,266.9045,266.5421,266.1269,265.7821,266.2173,266.6909,267.3637,268.3661,268.9013,268.6701,268.2757,268.4173,268.2765,268.3165,268.4701,268.4333,268.7893,268.6957,268.4669,269.1205,268.9397,269.2925,269.6925,268.5909,268.9973,267.3829,266.6933,266.3469,266.3077,266.3381
265.1005,265.4085,265.1309,265.1005,264.9165,265.1317,265.2309,265.4741,265.4549,265.2541,265.1365,264.9589,264.7629,264.7693,264.5749,264.4869,264.6085,264.7749,264.7109,264.6853,264.9381,265.0237,265.1757,265.1621,264.8237,264.6397,265.1229,266.1309,266.5005,266.5053,266.7237,266.4565,265.5781,265.9477,265.8389,265.4661,265.8253,265.6845,265.9781,266.3869,267.2325,267.9317,267.8461,268.1901,268.5821,268.4341,268.1573,268.2437,268.3397,268.6645,268.5341,268.2653,269.1061,267.9765,267.6517,268.1493,268.0429,266.3149,266.5189,266.3421,266.0941,266.0517,266.0669
264.6653,264.8005,264.7117,264.6621,264.8541,264.9037,265.0333,264.9525,264.5965,264.5077,264.2421,263.9413,263.6949,263.6925,263.9981,264.0517,264.0933,264.3381,264.5293,264.4629,264.2693,264.3365,264.6069,264.3909,264.2797,264.1509,264.4381,264.9101,265.6037,265.8933,266.0997,265.5117,264.9949,264.9525,264.6045,264.1845,264.7749,265.8269,266.2533,265.9989,266.0213,266.1813,266.0437,267.3645,268.7173,268.8629,268.6341,268.3437,268.0941,268.2789,268.5613,268.5853,267.7501,267.4189,268.0357,268.2621,268.1989,267.0093,266.0685,266.1133,266.4805,266.1453,265.6053
263.7565,263.8437,263.2877,263.9813,265.0725,264.4349,264.5229,264.1085,263.6541,264.1149,264.2117,263.5069,263.2613,263.4605,263.3957,263.5621,263.9085,264.1237,264.1893,264.1309,263.9733,264.1085,263.6005,263.4989,263.6373,263.8589,264.0189,264.6485,264.9693,265.2109,265.0765,265.2893,264.6533,263.9901,262.9525,262.9853,263.0893,265.1141,266.3181,265.5077,264.4453,263.9437,264.1565,266.1293,267.4565,268.8853,269.0949,268.3781,268.2821,268.4261,268.8085,268.6061,268.4973,267.7837,267.5429,268.1573,266.5725,266.2421,265.9445,265.3669,265.0581,264.8861,264.8485
263.0445,262.9189,262.9085,262.3701,262.7021,263.1717,263.5397,263.1685,264.0589,263.7573,263.1837,262.9061,263.0397,262.9717,263.2405,263.4765,263.3661,263.5717,263.5885,263.6765,263.4853,263.3925,262.6125,262.2981,262.5829,262.6853,264.0109,262.8013,263.1397,263.8965,264.3077,264.8437,264.0197,263.2389,262.4437,263.2861,263.3349,264.1557,265.0797,265.0293,263.7613,263.9341,264.7701,265.2749,265.5037,266.6317,267.3941,267.6605,268.0957,268.6061,268.8093,268.1901,268.5701,268.1829,266.7429,266.5629,265.8781,265.9165,265.0973,264.3349,263.5557,263.7277,263.9533
263.2205,263.1045,262.8501,262.6173,262.1917,262.6357,262.6581,262.7405,263.1413,262.7701,263.0357,263.1861,263.0525,262.7301,263.0925,263.3237,263.2445,263.4661,263.4901,263.2149,262.5221,262.7389,261.9581,262.1941,262.8789,263.7629,264.5437,263.4637,263.9053,264.0477,263.9421,264.3069,263.9269,263.0453,261.9101,262.0853,262.8197,262.6693,263.2669,264.3157,263.9749,263.7757,263.9845,264.5245,264.5501,264.7365,265.0653,266.2805,267.1293,267.1397,267.4733,267.4221,266.7149,266.2309,265.2573,264.7229,265.0181,264.7669,264.0797,262.9989,262.3685,261.6789,261.9021
262.9069,263.0045,263.0173,262.9357,262.4445,262.4029,262.2141,262.9181,262.5685,262.8733,263.0317,263.0573,263.2717,263.4165,263.1613,263.3277,263.4853,263.1485,262.2461,261.5309,261.1301,260.0373,260.1861,261.3645,261.9517,262.9597,263.0093,262.8765,264.1765,263.8653,263.8317,263.1237,263.1685,262.3109,262.8717,263.1285,263.7149,264.0021,263.5301,264.3405,264.3221,263.9445,264.0021,264.2541,264.1781,263.9829,264.2309,264.5853,265.3085,265.7421,265.9709,265.6301,264.7261,264.3829,264.0789,263.9717,264.3773,264.1877,262.8541,262.3501,262.1309,261.4309,260.8725
262.5157,262.7877,262.9541,262.9573,262.8213,262.4173,262.0653,262.6653,262.7669,262.7525,263.0077,263.2165,263.0173,263.0477,263.0557,263.5093,263.3533,262.2741,260.1733,259.5349,260.2373,261.2797,262.1021,263.0541,263.5061,263.2925,263.2485,263.6541,264.6109,264.2013,263.9997,263.1021,263.4797,263.6509,264.1317,263.4989,263.9925,264.7341,264.0197,263.8405,264.2285,263.9349,264.4109,264.2037,263.5517,263.1269,263.2429,263.4061,263.9557,264.3445,264.3973,264.1557,263.8501,264.2525,264.3509,264.0277,263.4525,261.9389,261.1229,260.8365,260.7669,260.6277,260.7285
261.8517,262.1845,262.4221,262.7685,262.6045,262.7597,261.8789,262.0405,262.7261,263.0677,263.5181,263.3125,262.8733,262.8205,263.0205,262.6909,261.5525,261.0429,261.1397,260.7077,260.6637,261.6309,261.5013,262.3965,262.7317,262.8989,263.8389,264.1845,264.3821,264.6733,264.7285,262.7845,262.6197,263.3485,263.4749,263.6485,263.8837,264.2181,263.6861,263.4309,263.9829,263.4981,263.4261,263.1925,262.7109,262.5069,262.5733,262.8549,263.3429,263.2765,263.0741,263.0917,263.1885,262.6997,262.8725,261.8621,261.7741,260.5957,260.3325,260.3765,260.4013,260.3029,260.0445
261.0773,261.5109,261.6765,261.8453,262.4013,262.7333,262.5917,262.5477,262.4333,262.7597,262.9725,262.8933,262.5637,262.5277,261.9789,260.7733,260.9781,260.6981,260.3045,260.5069,260.8221,261.5797,261.5629,262.0325,263.0981,262.6613,262.8493,262.6197,263.1613,262.8629,261.0381,261.1477,260.8333,260.5229,261.3181,261.9317,262.4573,262.5861,262.8997,262.9421,263.3045,262.3765,262.3421,262.4493,262.2365,261.8973,261.8029,262.1213,262.1197,261.7549,261.8653,261.6325,261.4541,261.1277,261.0349,260.7797,260.6101,260.4685,260.2037,259.7397,259.2725,258.9973,258.8893
260.3317,260.4789,260.5173,261.1981,261.8661,262.5533,262.2333,262.1157,262.1189,262.1653,262.4117,262.2949,262.2125,261.7997,260.2597,259.3237,259.8605,260.2421,260.0997,260.2221,260.5469,260.0973,260.1749,260.5317,260.8549,261.2053,261.3557,261.1413,260.9429,260.4757,260.3557,259.9189,258.9773,259.6589,260.6357,260.7661,260.7541,260.5005,261.3941,262.5581,263.0261,261.6997,261.3741,260.8461,261.4821,261.7565,261.3021,260.8661,260.7149,260.8733,261.2965,261.4581,261.0909,260.6661,260.5293,260.3093,260.0805,259.6245,259.0933,258.7093,258.4301,258.1285,257.7933
259.4741,259.7349,260.0429,260.7357,261.7077,261.6701,261.9661,261.2365,261.4421,262.0901,262.0213,262.3565,262.5117,261.1797,259.4077,258.6549,259.6685,260.7565,260.5581,259.9557,258.1797,257.7621,258.6885,258.8605,259.2693,259.0461,258.0589,258.0477,257.9741,257.5821,257.9749,258.5605,258.5757,258.6173,259.0949,260.0517,260.3717,258.8237,259.1973,258.6741,260.4149,260.9461,261.2893,261.4757,261.4109,261.7205,260.6309,260.4989,260.5933,260.9069,261.3053,261.3885,261.1549,260.6933,260.2501,259.7773,259.2477,258.7789,258.3413,258.0653,257.6877,257.0861,256.5389
258.4965,259.0629,259.5165,260.2613,261.0781,261.2909,260.3861,261.0669,261.5637,262.2365,261.8997,261.8317,260.8781,259.8589,259.5941,260.0333,260.1253,258.8317,258.4173,257.6237,257.2109,257.1029,256.5765,256.8637,257.7037,257.4805,257.0101,257.0053,256.4085,256.4829,256.4133,256.0437,256.4933,256.7005,256.5285,257.0981,257.4853,259.1045,258.2381,258.8565,258.7677,260.0821,261.1909,261.3253,261.7597,261.1493,261.0925,260.5469,260.2789,260.9341,261.3549,261.3437,260.6741,260.2357,259.7885,259.3733,259.1341,258.6781,258.2285,257.8517,257.2669,256.2709,254.9301
257.7157,258.4821,259.1125,260.1661,260.7469,260.7469,260.1981,260.0261,260.3781,261.3853,261.2989,261.4053,260.7869,260.3781,260.1013,259.4309,258.7349,258.4445,258.0653,257.4477,256.6765,256.5341,256.2805,255.7189,255.8685,256.2901,255.7813,255.5885,255.4253,254.7445,255.7917,255.2085,255.0893,254.9333,254.4277,254.3509,255.5885,256.3765,256.8141,258.5797,259.2597,258.8053,260.0725,260.6285,260.9013,261.0925,260.5301,260.6373,260.3397,260.7373,261.1477,260.7909,260.0541,259.8645,259.7509,259.5005,259.0493,258.5869,258.2245,257.6965,256.4669,254.7661,253.1581
257.4677,258.3493,259.0997,259.9293,260.5709,260.3405,260.3949,259.3629,259.8549,260.7197,261.6029,261.4069,260.9061,260.7709,259.6405,258.7069,258.1485,257.4349,256.9717,256.6197,256.3045,255.8517,255.6133,255.5013,255.1453,255.3565,256.0245,255.6885,255.0029,254.2357,254.0525,254.0573,253.8781,253.7021,253.6029,252.8349,253.2357,253.7301,254.3277,256.1085,257.1989,258.1093,258.8077,259.4981,259.3301,258.8325,259.2821,260.0389,261.0541,260.9989,260.9597,260.5189,259.8693,259.6757,259.4765,259.2645,258.8997,258.3189,257.9821,257.1053,255.7541,253.9309,252.3197
257.5885,258.6661,259.1509,259.4509,260.0565,260.5453,259.6453,259.1365,259.3997,260.4781,261.6045,261.4845,260.8133,259.8765,258.9469,258.1253,257.6749,257.1965,256.8877,256.7285,256.4325,255.9941,255.7589,255.6901,255.4629,255.0621,254.5269,253.9949,253.7157,253.7477,253.8053,253.8605,253.3605,252.7565,252.4157,252.0445,251.7245,252.2525,252.5573,253.3285,254.5973,255.9309,257.1293,258.1037,258.6413,258.1013,258.3189,258.2701,259.8189,260.8837,260.6845,260.0661,259.6309,259.2501,259.2773,258.9013,258.0557,257.4501,257.2893,256.6885,255.0061,252.9901,251.8837
257.0509,257.8261,258.7221,258.8597,260.0237,260.1869,259.3805,259.7981,260.1765,260.2437,260.5037,260.6029,259.7709,259.1797,258.3629,257.8021,257.6861,257.4029,257.1709,256.7733,256.3029,255.7597,255.3629,254.9397,254.4325,253.9157,253.2477,253.0205,252.9781,252.9621,252.8685,252.6605,252.2653,251.5869,251.1213,250.3781,250.0685,250.1365,250.6933,251.5069,252.4621,253.5109,254.7997,256.3125,257.3357,257.8797,257.9517,257.6997,258.4453,259.2317,259.7557,259.3549,259.3717,258.8725,258.8557,258.6917,257.7045,257.1853,256.7493,256.1781,254.6413,252.7373,251.5941
256.9405,257.1997,257.5997,258.2869,258.6565,258.9909,259.2453,259.1597,259.5101,260.1749,260.4421,260.1925,259.6469,258.8165,258.2221,257.9797,258.0125,257.4781,257.3045,256.6005,256.0349,255.2685,254.2877,253.7237,253.3173,252.9469,252.6077,252.6229,252.3789,252.1685,251.8005,251.2317,250.3357,248.9085,247.6693,246.8733,246.9869,247.7509,248.9741,250.0933,250.9853,251.7901,252.9109,253.7301,254.5181,256.8965,257.0501,256.9437,257.0829,257.9677,258.8341,259.2341,259.1669,258.4325,258.2309,258.1013,257.0005,256.0101,255.7389,255.7933,255.0005,252.9797,251.2789
256.3813,257.0685,257.5781,258.2629,258.2509,258.6949,258.7829,259.4253,259.8357,259.6501,259.9925,259.7341,258.9661,258.6829,258.4077,258.1917,257.8245,257.5237,256.8989,256.2253,254.8885,253.5469,252.9797,252.7445,252.4629,252.4645,252.4493,252.3269,251.9589,251.0245,250.2533,249.8245,248.7693,247.2821,245.5573,244.3477,243.5765,243.6349,244.6261,246.1909,247.8933,249.3549,250.8749,252.5949,253.3701,253.2389,255.1109,255.8141,256.0605,257.2373,257.5013,258.4621,258.3781,258.3245,257.9693,257.2637,256.7261,255.6805,255.2357,255.9925,255.8789,253.6181,251.5781
255.8005,256.6253,257.5621,257.9253,258.7293,259.1301,258.9221,259.3845,259.9565,259.7381,259.3197,258.8637,258.5389,258.3717,258.2485,258.1565,257.7069,257.1077,256.9149,256.3893,255.2781,253.6149,252.7101,252.5533,252.4373,252.2181,252.1805,251.8685,250.3717,250.1349,250.3397,249.9517,249.1069,247.7973,246.1725,244.8557,243.7829,243.6517,243.3605,243.1013,243.0869,244.2877,246.8789,249.6621,252.4845,253.2405,252.3421,254.3301,255.5773,256.6733,257.1149,258.2317,257.8893,257.9357,256.5637,256.0589,255.9333,255.7453,256.2189,255.7837,254.4733,253.4581,252.1717
256.1181,257.1997,257.9317,258.4277,258.7501,259.0157,259.1101,259.6149,259.6605,259.4053,258.9877,258.5229,257.9813,257.6957,257.7221,257.7597,257.4661,257.0805,256.8085,256.5109,255.1109,253.2341,252.6101,252.2789,251.8941,251.6685,251.4389,251.2541,250.1477,250.1733,249.8493,249.2597,248.4693,247.6829,246.8917,245.9661,245.0829,244.1349,243.6421,242.9389,242.3245,242.3573,243.0645,245.0285,249.1981,252.9805,253.0429,252.0965,254.4245,255.4629,256.4877,257.6413,258.0781,257.5157,256.5045,255.2261,255.5533,256.2669,256.3165,255.5069,254.1109,252.9549,252.3029
256.5589,257.5205,258.7541,258.7213,258.9293,258.8981,259.2829,259.3581,259.3893,258.8421,258.6181,258.1781,257.5285,257.5061,257.7093,257.7789,257.4453,257.1973,257.1789,256.6277,255.6237,254.0197,252.8565,252.0573,251.5997,251.2365,251.1893,250.9453,249.7165,250.0117,250.6653,249.9925,249.1885,247.8589,247.0157,246.0125,245.2381,244.2565,242.9325,241.8741,241.6797,241.9213,242.6245,242.6405,244.3285,249.6837,252.9197,252.4045,252.3005,254.1893,255.2181,256.0805,256.8621,256.5525,255.9877,255.5821,255.8757,255.8525,255.6821,255.2069,254.6285,253.4469,252.0709
256.9165,257.7645,258.3141,258.6285,258.8045,259.1845,259.5437,259.3749,259.0541,258.5733,257.9837,257.4573,257.4541,257.5437,257.6829,257.6357,257.2101,256.9197,256.9653,256.6541,256.0837,254.8421,252.7701,251.8453,251.3789,251.1581,250.8781,250.6021,249.5605,249.8893,250.6141,250.3693,249.5085,248.6333,247.6781,246.7677,245.8789,245.0493,243.8789,242.8053,242.4293,242.6861,241.9813,242.0517,242.5053,244.5397,249.0781,252.7565,252.5509,252.9061,253.9677,254.6573,255.6077,255.8549,256.2709,255.4261,255.3213,255.3829,255.4061,254.8869,255.1533,253.8197,252.3141
257.1885,257.6565,258.1309,258.5493,258.8685,258.9005,258.4365,258.2685,258.0317,257.4077,257.0909,257.2021,257.3053,257.2909,257.2189,257.1701,256.8757,256.4893,256.4253,256.3205,255.5909,254.5101,252.8461,251.8309,251.3237,251.0325,250.5325,250.2893,249.8573,249.7413,249.8741,249.9277,249.9349,249.1917,248.2789,247.1437,246.2301,245.4453,244.8749,244.1477,243.9653,243.5837,243.3165,243.5829,243.3485,243.2533,245.0821,249.4013,252.5173,252.8557,253.6093,254.1101,254.5997,255.0357,254.9453,255.0765,255.0869,255.2221,255.6397,255.2445,255.2949,253.9045,252.2021
256.6509,257.3317,257.5669,257.7189,257.6933,257.3429,257.2093,257.1229,256.8749,256.6341,256.6157,256.7957,256.6997,256.5485,256.4245,256.3869,256.3317,256.1045,255.9517,255.7645,255.0517,254.0557,252.8661,251.8805,251.1381,250.4477,250.3149,250.2293,249.8501,249.4029,249.3893,249.4437,249.2525,249.2613,248.9269,248.3149,248.0365,247.8613,246.7053,245.5837,244.8549,244.6261,244.3845,243.8629,243.2813,243.2413,244.3741,247.2597,251.0061,253.0541,253.9269,254.1309,254.0317,254.5157,254.4381,254.7693,254.8325,254.8877,255.0957,255.0101,254.9165,254.3661,252.7277
256.7389,256.7981,256.7469,256.6877,256.5477,256.2541,256.2893,256.1485,255.9413,255.8341,255.9285,256.0565,255.8613,255.7365,255.6845,255.6069,255.6053,255.5229,255.2221,254.8261,254.3165,253.6525,252.8941,251.9229,251.0949,250.4589,250.2381,249.8341,249.5733,249.6845,249.2469,248.8685,248.8853,248.7717,248.9053,249.2133,248.8541,248.6181,247.7421,246.5205,245.1933,244.0821,243.3837,242.6845,242.6189,242.4773,243.3925,246.2317,250.1277,253.1389,254.0453,253.8269,253.9693,254.2341,254.2717,254.6645,254.6301,254.5885,254.4525,254.3549,254.3789,254.1517,253.5605
