metero/data/60.t.json
{"header": { "discipline":0, "disciplineName":"Meteorological products", "gribEdition":2, "gribLength":81410, "center":38, "centerName":"Beijing (RSMC)", "subcenter":0, "refTime":"2014-04-24T12:00:00.000Z", "significanceOfRT":1, "significanceOfRTName":"Start of forecast", "productStatus":0, "productStatusName":"Operational products", "productType":1, "productTypeName":"Forecast products", "productDefinitionTemplate":0, "productDefinitionTemplateName":"Analysis/forecast at horizontal level/layer at a point in time", "parameterCategory":0, "parameterCategoryName":"Temperature", "parameterNumber":0, "parameterNumberName":"Temperature", "parameterUnit":"K", "genProcessType":2, "genProcessTypeName":"Forecast", "forecastTime":3, "surface1Type":100, "surface1TypeName":"Isobaric surface", "surface1Value":50000.0, "surface2Type":255, "surface2TypeName":"Missing", "surface2Value":0.0, "gridDefinitionTemplate":0, "gridDefinitionTemplateName":"Latitude_Longitude", "numberPoints":64800, "shape":6, "shapeName":"Earth spherical with radius of 6,371,229.0 m", "gridUnits":"degrees", "resolution":48, "winds":"true", "scanMode":64, "nx":360, "ny":180, "basicAngle":0, "lo1":0.0, "la1":-90.0, "lo2":359.0, "la2":89.0, "dx":1.0, "dy":1.0 }, "data":
[rows 84 to 111 of 180, columns 189 to 251 of 360]
267.4589,267.6389,267.4229,267.5925,267.9733,268.0661,267.9941,267.7749,267.7813,267.7765,267.9749,268.0309,268.1693,267.8893,267.8829,268.0077,268.1045,268.2341,268.2645,268.0493,267.9085,267.8021,267.4485,267.2701,267.1781,267.2501,267.1013,266.8957,266.7109,266.7589,267.0701,267.1061,267.4957,267.6573,267.6013,267.5453,267.4997,267.6909,267.9037,267.9757,268.0165,267.7061,267.7517,267.7469,267.9733,267.7861,267.8789,267.9269,267.9581,268.1589,268.2005,268.2661,268.2509,268.0717,267.8813,267.8853,268.1157,268.5101,268.0525,268.0397,268.2773,268.3461,268.4021
267.9325,267.9765,268.0917,268.0405,268.1165,268.1037,268.1189,267.9741,267.8757,268.1669,268.0197,268.0381,267.9101,267.7349,267.6005,267.6629,268.0077,268.2389,267.9205,267.9277,267.7989,267.5717,267.4077,267.2893,267.2205,267.2093,267.0381,266.9469,267.0413,267.2485,267.0845,266.9949,267.3341,267.3293,267.6317,267.4181,267.6325,268.0525,268.1333,267.9637,267.8125,267.6197,267.7637,267.9157,267.7805,267.9021,267.9661,267.9933,268.0933,268.2013,268.1013,268.1517,268.0525,267.7413,267.7333,267.8085,267.9789,268.2797,268.0149,268.4949,268.6485,268.6685,268.7317
268.3909,268.3373,268.2405,268.0741,268.0877,268.0141,268.3261,268.2341,268.0021,268.1293,268.1453,267.9541,267.7165,267.6749,267.5845,267.8285,267.9197,267.8013,267.7525,267.9077,267.7357,267.5541,267.3101,267.2021,267.0805,267.1141,267.0389,266.8741,267.0109,267.0797,266.9485,266.9621,267.4101,267.6597,267.6053,267.4869,267.8525,267.9149,267.8269,267.7853,267.6317,267.4037,267.6309,267.6533,267.6661,267.8493,268.0565,267.9701,268.2213,268.3037,268.3981,268.4221,268.2741,268.1133,267.9813,267.9301,267.8813,267.8821,268.2613,268.4533,268.4261,268.5773,268.6421
268.4565,268.6373,268.5133,268.2837,268.3349,268.1493,268.2645,268.2421,268.2029,268.0573,268.0277,267.9101,267.8421,267.7949,267.8389,267.8485,267.8349,267.8005,267.8989,267.9501,267.6861,267.2629,267.1653,267.1597,266.9781,266.6837,266.8613,266.6269,266.7973,266.9781,267.1989,267.2757,267.5421,267.5269,267.4445,267.4613,267.3757,267.2597,267.3917,267.3909,267.4621,267.5957,267.4117,267.4733,267.5293,267.6893,267.9101,268.0733,268.1069,268.0637,268.1517,268.1653,268.2053,268.0685,267.9421,267.8893,267.8701,267.8029,267.8885,268.1805,268.0277,268.3669,268.4701
268.5757,268.8469,268.8149,268.5981,268.4101,268.2597,268.2069,268.3133,268.1581,268.0093,267.9437,267.9293,267.8637,267.9357,267.9605,267.8405,267.8029,267.8621,267.8909,267.7565,267.5021,267.2085,267.0189,266.9757,266.8605,266.6901,266.6389,266.8357,266.8933,267.1093,267.3501,267.3941,267.3725,267.2733,267.1901,267.1909,267.1213,267.1437,267.2765,267.4405,267.5181,267.3965,267.3685,267.3757,267.5453,267.7293,267.8429,267.8253,267.7821,267.8277,267.9109,267.9597,267.9477,267.8813,267.8317,267.8405,267.8053,267.8981,267.9325,267.9845,268.2789,268.3525,268.3501
268.8517,268.8349,268.9541,268.8517,268.5501,268.3573,268.0981,268.1877,268.0917,268.0509,267.9029,267.9821,267.9525,268.0237,268.0557,267.8717,267.7061,267.6469,267.6069,267.4821,267.2741,267.0725,266.7805,266.6373,266.5533,266.5613,266.6645,266.7957,266.9949,266.9341,267.1781,267.0845,267.1029,267.1501,267.1213,267.0397,267.0045,267.0789,267.1021,267.1893,267.3389,267.3597,267.3797,267.4733,267.5029,267.6421,267.7181,267.5781,267.4749,267.5317,267.6957,267.7837,267.7229,267.6085,267.5741,267.7765,267.7733,267.7989,267.9877,268.2117,268.2789,268.2749,268.1965
268.9493,268.8613,268.8621,268.6189,268.5765,268.4837,268.2693,268.1749,268.0597,267.9277,267.9341,267.9213,267.9877,268.0125,268.0037,267.9589,267.6597,267.5269,267.3957,267.2581,267.0981,266.9005,266.6485,266.4085,266.3325,266.3813,266.5597,266.6533,266.8101,266.8133,266.9333,266.9853,266.9397,266.9757,266.7485,266.6229,266.7197,266.9157,267.0101,266.9525,266.9853,267.0613,267.2237,267.3013,267.4213,267.4749,267.3621,267.3533,267.2797,267.2165,267.4477,267.6373,267.5805,267.4677,267.4781,267.6813,267.8677,267.9933,268.0797,268.0789,268.1429,268.2981,268.3285
268.6949,268.7021,268.6909,268.5837,268.4597,268.4573,268.4181,268.3653,268.2293,268.0861,267.8013,267.7989,267.8141,267.9373,267.9533,267.8781,267.5933,267.2885,267.1525,267.0037,266.8301,266.6557,266.5981,266.4133,266.2581,266.3645,266.4645,266.5637,266.4541,266.5301,266.6501,266.6733,266.6373,266.8181,266.8957,267.0109,267.0189,266.9941,266.9845,266.8637,266.7781,266.9237,267.0957,267.1077,267.1413,267.3085,267.1829,267.0005,267.0541,267.1509,267.2661,267.4309,267.5141,267.5381,267.6181,267.6093,267.6349,267.9021,268.1805,268.2109,268.1813,268.2677,268.4461
268.5421,268.4917,268.4317,268.5125,268.6021,268.5901,268.4397,268.4221,268.3789,268.1853,268.0285,267.7933,267.7869,267.8109,267.8517,267.8133,267.5861,267.2693,267.0133,266.8453,266.6333,266.4077,266.3917,266.2269,266.1117,266.1413,266.2181,266.2925,266.2261,266.1469,266.2709,266.3861,266.7189,266.9901,267.1237,267.1717,267.0941,266.8557,266.7437,266.7269,266.7301,266.7933,266.8933,266.8893,266.8445,266.9237,267.1133,267.0973,267.1109,267.2213,267.3493,267.2717,267.2693,267.2885,267.3005,267.3517,267.4533,267.5333,267.5589,267.7597,267.8197,268.0517,268.1445
268.6581,268.4229,268.3005,268.2125,268.2109,268.4157,268.4013,268.3693,268.3709,268.1437,268.0941,268.0549,267.9781,267.8989,267.9301,267.8717,267.7269,267.4173,267.0781,266.7709,266.5349,266.4045,266.3381,266.1861,266.0101,265.9189,266.0037,266.0677,266.0173,266.1125,266.0005,266.1357,266.5237,266.8317,266.9773,266.8949,266.7733,266.5701,266.5341,266.7101,266.8509,266.8389,266.7397,266.7589,266.8021,266.7077,266.8485,267.1013,267.2749,267.2285,267.2501,267.1589,267.0909,267.1197,267.0413,266.9949,267.0909,267.2221,267.1445,267.3557,267.4533,267.5733,267.6085
268.6581,268.4541,268.2749,268.2717,268.1213,268.0661,268.1709,268.0437,268.1453,268.2733,268.2477,268.0669,267.9941,267.9013,267.9429,267.8917,267.7509,267.6349,267.3925,267.0181,266.6061,266.4093,266.4173,266.3805,266.2093,266.0101,265.9853,265.9133,265.9429,266.0285,265.8205,265.7525,266.0037,266.1973,266.3709,266.5709,266.5837,266.5293,266.5517,266.6917,266.9149,266.9269,266.8893,266.9149,266.8789,266.7717,266.7525,266.8109,266.9693,266.9829,267.0917,267.0685,266.9477,266.9357,266.9973,266.9221,266.9749,267.0789,267.1565,267.2957,267.4653,267.3317,267.4237
268.5757,268.5077,268.3685,268.2445,268.0965,267.9813,268.0645,268.1077,268.2997,268.1773,268.2141,268.1349,268.0437,267.9789,267.8037,267.7517,267.7469,267.8205,267.7173,267.3845,266.8309,266.5453,266.5773,266.5125,266.3621,266.3349,266.2373,266.2021,266.1365,266.1157,265.8909,265.8213,265.8749,265.9813,266.1653,266.4245,266.5549,266.6341,266.8085,266.9349,266.7461,266.6709,266.7469,266.8069,266.7765,266.6517,266.6413,266.7733,266.6653,266.8125,266.7205,266.6293,266.7333,266.8069,267.0389,267.0853,266.9941,266.9069,267.0757,267.3757,267.4381,267.2917,267.3013
268.3645,268.3605,268.1149,267.9701,267.7989,267.8485,267.9021,267.9357,268.1357,268.1741,268.1989,268.2245,268.2549,268.1085,267.8405,267.8285,267.7925,267.7597,267.9189,267.7965,267.1781,266.8941,266.8629,266.6789,266.5597,266.5397,266.5957,266.5357,266.6125,266.4669,266.2797,266.2933,266.3269,266.3893,266.5253,266.8021,267.0237,267.0029,266.6757,266.3989,266.3429,266.3133,266.2589,266.2517,266.2533,266.3037,266.3453,266.5117,266.5917,266.8829,266.9525,266.7661,266.5805,266.6733,266.9277,267.2213,267.2701,267.0573,267.1941,267.4053,267.4477,267.4213,267.1949
268.1885,268.0285,267.8173,267.7261,267.7077,267.8485,267.7765,267.7125,267.7029,267.8693,267.8997,267.9277,267.8269,267.7925,267.6373,267.6941,267.6541,267.4917,267.4413,267.3925,267.3029,267.0837,267.2557,266.9877,266.9605,266.8477,266.8501,266.8629,266.7349,266.5357,266.6133,266.6981,266.5829,266.8069,266.7565,266.9957,266.9909,266.8845,266.3845,266.1501,266.1173,266.1621,266.0357,265.8429,266.0885,266.1637,266.1413,266.1013,266.3125,266.5381,266.6245,266.6725,266.8381,267.0261,267.1573,267.2365,267.1749,267.1869,267.3669,267.5509,267.5077,267.5093,267.3997
267.8781,267.7853,267.6381,267.5357,267.7253,267.6725,267.5317,267.4061,267.4205,267.5533,267.5941,267.6749,267.7301,267.6533,267.6213,267.5773,267.6357,267.6045,267.3965,267.4157,267.3589,267.3541,267.5005,267.4541,267.2413,267.0925,267.1877,267.1365,267.0829,267.0293,267.1109,267.1829,267.2573,267.4101,267.4741,267.4805,267.3893,267.3365,267.0877,266.8445,266.4813,266.3949,266.5173,266.4405,266.3109,266.3357,266.2813,266.2245,266.2269,266.5381,266.6045,266.8157,267.2109,267.4373,267.5757,267.4445,267.4789,267.4229,267.3669,267.4717,267.6149,267.7285,267.6141
267.5885,267.5501,267.5669,267.4717,267.6109,267.3717,267.2445,267.1149,267.1229,267.2445,267.3133,267.4733,267.5685,267.6045,267.5981,267.5053,267.4581,267.6013,267.6133,267.5069,267.4269,267.4061,267.4525,267.4469,267.4893,267.4941,267.4749,267.3725,267.3205,267.4301,267.6037,267.7205,267.8101,267.9205,267.9069,267.6109,267.6941,267.7205,267.6605,267.4149,267.1197,266.9693,266.9437,266.9877,267.0869,266.9101,266.8133,266.7685,266.6013,266.6637,266.8717,267.2285,267.3677,267.5829,267.5997,267.4389,267.4477,267.5221,267.6325,267.6445,267.6717,267.5421,267.3357
267.4781,267.4805,267.3493,267.3389,267.5965,267.1909,267.3117,267.0341,267.0341,267.0725,267.1197,267.2517,267.2981,267.4309,267.3741,267.2693,267.2741,267.3141,267.3965,267.4437,267.4477,267.4005,267.4101,267.3245,267.4629,267.5685,267.7277,267.6749,267.6341,267.4461,267.5709,267.6405,267.6357,267.6037,267.7685,267.7813,267.8285,267.6525,267.7165,267.6061,267.5437,267.5997,267.5629,267.4997,267.4317,267.3653,267.1877,267.0453,267.1261,267.0805,267.3133,267.2221,267.1893,267.2613,267.3565,267.2045,267.3205,267.3157,267.3181,267.4285,267.3237,267.2053,267.2525
267.2989,267.2685,267.3053,267.4085,267.3085,267.0165,267.0373,266.8341,266.8141,266.8629,266.9189,266.9949,267.1533,267.1437,267.3469,267.4165,267.3117,267.1109,267.0957,267.1437,267.1621,267.2029,267.3645,267.4445,267.3669,267.4885,267.5757,267.8133,267.8773,267.9045,267.8277,267.8413,267.5365,267.4741,267.3981,267.2157,267.1701,267.2917,267.2117,267.3997,267.5149,267.5829,267.5573,267.8069,267.8781,267.7173,267.6061,267.6237,267.5109,267.3477,267.3597,267.0413,266.8829,266.9421,266.9253,266.7173,266.6853,266.6645,266.5853,266.6573,266.7869,266.8661,266.9117
267.1877,267.0549,266.9093,267.0437,267.1677,267.1325,266.9517,266.9821,266.8141,266.7213,266.7085,266.7789,266.7813,266.9845,267.2893,267.4733,267.5013,267.3637,267.0541,267.0917,267.0309,267.0853,267.2853,267.5125,267.4277,267.6229,267.8125,267.7845,267.8317,267.8885,267.9317,267.8125,267.4261,267.2629,267.0909,267.0397,266.9405,266.9749,267.0445,267.2269,267.3221,267.4085,267.4133,267.4013,267.6629,267.6605,267.5397,267.5669,267.4405,267.2461,266.9189,266.6469,266.5173,266.4805,266.3213,266.1701,266.2693,266.3397,266.4037,266.2589,266.0605,266.3093,266.6837
267.1597,267.1789,267.0629,267.0101,267.1741,267.2173,266.9517,266.8405,266.6957,266.7581,266.6477,266.4141,266.6789,266.5981,266.7973,267.3381,267.5885,267.6077,267.3021,267.1189,267.0509,267.0453,267.4845,267.6189,267.6253,267.7565,267.7973,267.6885,267.9085,268.0845,268.0765,268.0253,267.7077,267.4229,267.3877,267.0157,266.9109,267.0485,266.9293,267.0309,267.0805,266.9773,266.9429,266.9413,266.9693,266.9237,266.9533,266.9909,266.9365,266.7413,266.6589,266.2437,266.0069,266.2629,266.2437,266.0485,265.8989,265.9813,266.0789,266.0981,266.0461,265.9301,266.3373
266.6333,266.7053,266.7557,266.6237,266.5933,266.6285,266.6269,266.5941,266.4061,266.2445,266.2725,266.6429,266.7309,266.4621,266.0125,266.0773,266.9653,267.5773,267.7125,267.4317,267.1677,267.5389,267.7589,267.6109,267.6797,267.7069,267.5813,267.7621,267.9717,268.1269,268.3085,268.2165,267.8037,267.3605,267.1877,267.0365,267.0661,267.0749,267.0157,266.9493,266.8941,266.8109,266.7165,266.6733,266.6269,266.7277,266.4989,266.1557,266.0405,266.0589,266.0005,265.9061,265.7069,265.8077,266.0429,265.9741,265.7669,265.5565,265.6709,265.7989,265.7365,265.9165,266.0917
266.5373,266.5181,266.3405,266.2293,266.3853,266.5589,266.5429,266.6005,266.3709,265.9661,265.9461,266.0861,266.1221,266.2637,265.9821,265.5357,265.5853,266.3837,266.8645,267.0517,267.2653,267.2613,267.5221,267.6693,267.6245,267.5741,267.5405,267.5261,267.5885,267.7429,268.0317,268.1077,267.8861,267.5509,267.1341,267.0125,266.8901,266.7701,266.7229,266.7005,266.7685,266.8525,266.8453,266.7165,266.4501,266.2701,266.2477,266.4549,266.3605,265.9109,265.7901,265.7069,265.6589,265.7573,265.4509,265.5933,265.7309,265.4013,265.2893,265.4037,265.5797,265.7125,265.6797
266.0669,265.9293,265.8533,265.9629,266.0949,266.1381,266.2341,266.4277,266.5261,266.3429,265.9525,265.7413,265.6213,265.6357,265.4469,265.0141,264.8461,265.2981,266.0637,266.4965,266.4957,266.5349,266.7285,266.9757,267.1925,267.2781,267.3437,267.3661,267.4549,267.6317,267.8653,267.7773,267.5317,267.1597,266.7837,266.5733,266.4349,266.3045,266.3365,266.4125,266.5005,266.4973,266.4277,266.3205,266.1677,265.9077,265.6077,265.3485,265.4149,265.8589,266.0709,265.8965,265.7933,265.7717,265.7701,265.2509,264.8101,265.1629,264.9813,265.0765,265.2101,265.2373,265.4061
265.7277,265.6821,265.6029,265.7229,265.8397,266.0173,266.3629,266.4357,266.1197,265.7197,265.4581,265.0437,264.8069,264.9045,264.7229,264.6813,264.8213,264.7581,265.0045,265.4837,265.7605,265.9909,266.0581,266.1477,266.3781,266.6621,266.9805,267.2533,267.4261,267.5701,267.6461,267.3429,266.9613,266.5173,266.2325,266.0485,265.8421,265.8637,265.9445,266.0597,266.1245,266.1557,266.1029,265.9437,265.8045,265.6309,265.3717,265.0645,264.7941,264.6981,264.8981,265.3733,265.7325,265.7141,265.4429,265.0797,264.8725,264.4541,263.5925,264.1133,264.5317,264.6693,264.7645
265.3461,265.5477,265.7477,265.9453,266.0757,266.2645,266.3109,266.3437,266.0565,265.5269,265.0653,264.5885,264.2053,264.1573,263.9781,263.9757,264.1069,264.4093,264.5957,264.7893,264.9309,265.1357,265.3965,265.7629,265.9917,266.3941,266.9773,267.2797,267.3909,267.5093,267.1845,266.6581,266.2389,265.8525,265.7429,265.4861,265.4549,265.5637,265.6845,265.6717,265.6853,265.7309,265.8317,265.8941,265.8925,265.7229,265.3269,264.8837,264.6309,264.3813,264.2557,264.2773,264.3501,264.6453,264.6949,264.2813,264.1277,264.0173,263.7053,263.3013,263.6133,263.8229,264.0949
265.1005,265.4573,265.6061,265.9269,265.9469,265.9189,265.8541,265.3621,265.1517,264.8509,264.3885,263.8389,263.4997,263.1981,263.2557,263.7293,263.7677,263.8645,264.0429,264.2277,264.3285,264.6397,265.2789,265.8981,266.2373,266.5445,266.9877,267.2989,267.2085,266.8541,266.4421,265.8389,265.5061,265.2701,265.1773,265.1245,265.1101,265.1845,265.2317,265.3269,265.4133,265.4653,265.5005,265.5437,265.5949,265.5285,265.2741,264.8437,264.2629,263.7773,263.4453,263.3477,263.4245,263.6309,263.9861,263.7453,263.1261,263.5085,263.1197,262.6029,262.8845,263.3437,263.4101
264.9309,265.4085,265.4741,265.5453,265.4381,265.2397,265.1629,264.5837,264.0189,263.7221,263.3429,263.0789,262.9589,263.0573,263.2093,263.5269,263.7077,263.3949,263.4509,263.6293,263.7029,264.2581,265.2013,265.8341,266.1685,266.5933,266.8021,266.6701,266.2397,265.8189,265.4493,265.0557,264.7573,264.6349,264.6861,264.8381,264.7885,264.7701,264.8493,265.0589,265.1189,265.0933,265.1917,265.2405,265.2317,265.2005,265.0981,264.9221,264.6149,264.1541,263.5165,263.0061,262.8157,262.9029,263.0997,263.2245,262.9805,262.5861,262.7093,262.4117,262.1629,262.3997,262.7429
264.9133,265.0565,264.9469,264.8333,264.6877,264.2933,264.0829,263.9573,263.5997,263.2045,262.6789,262.4829,262.6173,262.6741,262.8789,262.9645,262.9421,263.0725,263.2693,263.5397,263.7861,264.2589,264.6693,265.1381,265.7165,265.8869,265.8685,265.5901,265.4557,265.4341,265.1717,264.7349,264.4637,264.3341,264.3645,264.4661,264.4541,264.3789,264.3989,264.4389,264.4501,264.5789,264.7421,264.8805,264.9613,264.8485,264.8317,264.6773,264.5013,264.3021,264.0709,263.7045,263.1709,262.7013,262.6125,262.7581,262.4397,261.9269,261.7893,261.9445,261.6173,261.6925,262.1973
