metero/data/60.t.json
{"header": { "discipline":0, "disciplineName":"Meteorological products", "gribEdition":2, "gribLength":81410, "center":38, "centerName":"Beijing (RSMC)", "subcenter":0, "refTime":"2014-04-24T12:00:00.000Z", "significanceOfRT":1, "significanceOfRTName":"Start of forecast", "productStatus":0, "productStatusName":"Operational products", "productType":1, "productTypeName":"Forecast products", "productDefinitionTemplate":0, "productDefinitionTemplateName":"Analysis/forecast at horizontal level/layer at a point in time", "parameterCategory":0, "parameterCategoryName":"Temperature", "parameterNumber":0, "parameterNumberName":"Temperature", "parameterUnit":"K", "genProcessType":2, "genProcessTypeName":"Forecast", "forecastTime":3, "surface1Type":100, "surface1TypeName":"Isobaric surface", "surface1Value":50000.0, "surface2Type":255, "surface2TypeName":"Missing", "surface2Value":0.0, "gridDefinitionTemplate":0, "gridDefinitionTemplateName":"Latitude_Longitude", "numberPoints":64800, "shape":6, "shapeName":"Earth spherical with radius of 6,371,229.0 m", "gridUnits":"degrees", "resolution":48, "winds":"true", "scanMode":64, "nx":360, "ny":180, "basicAngle":0, "lo1":0.0, "la1":-90.0, "lo2":359.0, "la2":89.0, "dx":1.0, "dy":1.0 }, "data":
[rows 0 to 27 of 180, columns 126 to 188 of 360]
230.5021,230.5021,230.5021,230.5021,230.5021,230.5021,230.5021,230.5021,230.5021,230.5021,230.5021,230.5021,230.5021,230.5021,230.5021,230.5021,230.5021,230.5021,230.5021,230.5021,230.5021,230.5021,230.5021,230.5021,230.5021,230.5021,230.5021,230.5021,230.5021,230.5021,230.5021,230.5021,230.5021,230.5021,230.5021,230.5021,230.5021,230.5021,230.5021,230.5021,230.5021,230.5021,230.5021,230.5021,230.5021,230.5021,230.5021,230.5021,230.5021,230.5021,230.5021,230.5021,230.5021,230.5021,230.5021,230.5021,230.5021,230.5021,230.5021,230.5021,230.5021,230.5021,230.5021
230.5989,230.6029,230.6069,230.6109,230.6157,230.6197,230.6237,230.6285,230.6333,230.6381,230.6437,230.6485,230.6549,230.6605,230.6669,230.6725,230.6797,230.6869,230.6941,230.7013,230.7085,230.7173,230.7253,230.7333,230.7421,230.7509,230.7605,230.7693,230.7781,230.7869,230.7965,230.8053,230.8141,230.8229,230.8309,230.8389,230.8461,230.8533,230.8597,230.8661,230.8709,230.8757,230.8789,230.8821,230.8845,230.8853,230.8853,230.8845,230.8829,230.8805,230.8765,230.8717,230.8661,230.8605,230.8533,230.8453,230.8365,230.8277,230.8181,230.8077,230.7965,230.7853,230.7733
230.1429,230.1613,230.1805,230.2005,230.2221,230.2453,230.2677,230.2917,230.3165,230.3413,230.3669,230.3933,230.4197,230.4477,230.4765,230.5069,230.5381,230.5701,230.6029,230.6357,230.6693,230.7029,230.7357,230.7677,230.7997,230.8301,230.8597,230.8877,230.9149,230.9413,230.9669,230.9917,231.0165,231.0405,231.0645,231.0869,231.1093,231.1309,231.1517,231.1709,231.1885,231.2053,231.2205,231.2349,231.2469,231.2589,231.2701,231.2813,231.2917,231.3029,231.3157,231.3293,231.3429,231.3597,231.3765,231.3941,231.4133,231.4325,231.4525,231.4717,231.4901,231.5085,231.5245
230.4037,230.4501,230.4957,230.5397,230.5821,230.6253,230.6685,230.7133,230.7597,230.8101,230.8637,230.9205,230.9813,231.0429,231.1069,231.1701,231.2325,231.2925,231.3501,231.4061,231.4597,231.5093,231.5557,231.5989,231.6365,231.6701,231.6973,231.7205,231.7381,231.7525,231.7629,231.7725,231.7789,231.7837,231.7853,231.7837,231.7773,231.7661,231.7493,231.7285,231.7053,231.6805,231.6573,231.6365,231.6173,231.6021,231.5893,231.5773,231.5653,231.5525,231.5381,231.5253,231.5133,231.5053,231.5021,231.5053,231.5149,231.5301,231.5493,231.5669,231.5813,231.5901,231.5893
231.2141,231.3125,231.4141,231.5197,231.6285,231.7389,231.8485,231.9549,232.0565,232.1501,232.2341,232.3085,232.3733,232.4277,232.4749,232.5141,232.5493,232.5829,232.6149,232.6477,232.6805,232.7101,232.7373,232.7565,232.7677,232.7693,232.7597,232.7381,232.7037,232.6549,232.5941,232.5221,232.4429,232.3621,232.2829,232.2077,232.1373,232.0685,231.9981,231.9229,231.8429,231.7613,231.6805,231.6061,231.5405,231.4853,231.4405,231.4045,231.3765,231.3557,231.3413,231.3333,231.3285,231.3229,231.3109,231.2885,231.2517,231.1989,231.1333,231.0581,230.9813,230.9069,230.8421
231.4037,231.4293,231.4549,231.4861,231.5277,231.5845,231.6605,231.7557,231.8693,231.9973,232.1349,232.2757,232.4189,232.5629,232.7093,232.8589,233.0077,233.1477,233.2701,233.3597,233.4093,233.4125,233.3661,233.2749,233.1453,232.9901,232.8245,232.6661,232.5277,232.4109,232.3141,232.2277,232.1421,232.0517,231.9565,231.8597,231.7653,231.6741,231.5829,231.4893,231.3925,231.2997,231.2213,231.1669,231.1373,231.1221,231.1005,231.0549,230.9765,230.8749,230.7741,230.6981,230.6613,230.6629,230.6861,230.7149,230.7373,230.7525,230.7621,230.7637,230.7493,230.7053,230.6253
231.1325,231.2749,231.4213,231.5685,231.7109,231.8405,231.9525,232.0493,232.1365,232.2213,232.3077,232.3957,232.4861,232.5797,232.6837,232.7997,232.9301,233.0693,233.2069,233.3277,233.4141,233.4509,233.4325,233.3629,233.2605,233.1461,233.0373,232.9349,232.8309,232.7117,232.5765,232.4357,232.3029,232.1821,232.0629,231.9333,231.7925,231.6581,231.5533,231.4869,231.4405,231.3797,231.2757,231.1293,230.9645,230.8101,230.6837,230.5741,230.4661,230.3485,230.2269,230.1149,230.0253,229.9637,229.9293,229.9221,229.9413,229.9821,230.0341,230.0813,230.1157,230.1333,230.1389
231.0781,231.1773,231.2653,231.3429,231.4117,231.4693,231.5173,231.5661,231.6213,231.6853,231.7565,231.8317,231.9149,232.0109,232.1261,232.2613,232.4157,232.5949,232.7949,233.0037,233.1933,233.3389,233.4357,233.4973,233.5341,233.5453,233.5189,233.4557,233.3645,233.2485,233.0957,232.8885,232.6365,232.3837,232.1821,232.0605,231.9965,231.9429,231.8541,231.7173,231.5565,231.4077,231.2981,231.2301,231.1805,231.1165,231.0173,230.8853,230.7333,230.5797,230.4285,230.2789,230.1293,229.9789,229.8317,229.6989,229.5989,229.5557,229.5829,229.6757,229.8149,229.9733,230.1213
230.4917,230.5589,230.6405,230.7389,230.8477,230.9685,231.1005,231.2421,231.3845,231.5237,231.6557,231.7805,231.8973,232.0101,232.1293,232.2637,232.4077,232.5525,232.6949,232.8309,232.9541,233.0589,233.1517,233.2429,233.3317,233.4045,233.4581,233.4957,233.5101,233.4973,233.4693,233.4461,233.4181,233.3453,233.2093,233.0413,232.8797,232.7309,232.5781,232.4205,232.2781,232.1581,232.0581,231.9781,231.9221,231.8837,231.8429,231.7813,231.6869,231.5437,231.3437,231.1045,230.8645,230.6653,230.5229,230.4373,230.3845,230.3413,230.2853,230.2173,230.1573,230.1325,230.1613
230.5885,230.6869,230.7933,230.8957,230.9973,231.0981,231.1869,231.2565,231.3205,231.3885,231.4565,231.5341,231.6381,231.7605,231.8749,231.9797,232.0813,232.1749,232.2661,232.3789,232.5085,232.6293,232.7277,232.7933,232.8029,232.7693,232.7709,232.8661,233.0381,233.2477,233.4957,233.7525,233.9285,233.9709,233.9293,233.8957,233.9029,233.9293,233.9421,233.9285,233.8845,233.8085,233.7093,233.6013,233.4885,233.3637,233.2261,233.0885,232.9589,232.8285,232.6861,232.5269,232.3485,232.1501,231.9541,231.8053,231.7197,231.6845,231.6861,231.7221,231.7773,231.8253,231.8533
230.7581,230.8325,230.9109,230.9837,231.0397,231.0845,231.1189,231.1509,231.2037,231.2877,231.3805,231.4613,231.5357,231.6077,231.6853,231.8005,231.9645,232.1493,232.3333,232.5077,232.6485,232.7405,232.7893,232.7693,232.6741,232.6269,232.7893,233.1773,233.7469,234.3693,234.6845,234.3941,233.8141,233.6021,233.8461,234.0877,234.1213,234.1053,234.1117,234.0917,234.0797,234.0909,234.0773,234.0605,234.0693,234.0613,234.0285,234.0013,233.9533,233.8597,233.7501,233.6413,233.5285,233.4309,233.3565,233.2893,233.2357,233.2165,233.2301,233.2749,233.3541,233.4501,233.5325
231.1661,231.2589,231.3557,231.4429,231.5253,231.5997,231.6741,231.7837,231.9349,232.0949,232.2325,232.3261,232.3805,232.4237,232.4909,232.6037,232.7469,232.8917,233.0229,233.1341,233.2349,233.3357,233.4141,233.4669,233.5269,233.6021,233.7445,234.0533,234.4541,234.7845,235.0397,235.0205,234.3477,233.4669,233.4629,234.3965,235.1909,235.3461,235.2541,235.1621,235.0853,235.0605,235.0421,234.9709,234.8741,234.7605,234.6469,234.5861,234.5757,234.5869,234.6157,234.6293,234.6093,234.5613,234.4733,234.3541,234.2557,234.2029,234.2021,234.2821,234.4309,234.5941,234.7197
231.8933,231.9997,232.0973,232.1797,232.2573,232.3509,232.4581,232.5885,232.7413,232.8965,233.0461,233.1773,233.2917,233.3973,233.5109,233.6493,233.7877,233.9389,234.1141,234.2613,234.4117,234.5629,234.6541,234.7493,234.8341,234.8589,234.8941,234.8661,234.7725,234.8333,235.1005,235.4861,235.7325,235.5981,235.5213,235.8957,236.3493,236.6605,236.8325,236.6741,236.3397,236.1149,235.9709,235.8765,235.8125,235.7013,235.5725,235.4357,235.2861,235.1805,235.1245,235.1221,235.1741,235.2213,235.2429,235.2325,235.1613,235.0509,234.9429,234.8677,234.8725,234.9461,235.0421
232.7701,232.8677,232.9557,233.0325,233.0989,233.1797,233.2581,233.3477,233.4509,233.5389,233.6357,233.7357,233.8317,233.9405,234.0573,234.1829,234.3045,234.4381,234.5813,234.7029,234.8349,234.9677,235.0933,235.2373,235.3653,235.4877,235.6053,235.7581,235.9709,236.1893,236.4821,236.7965,237.1925,237.7765,237.7397,236.6141,235.6837,235.9085,236.5365,236.8317,236.8461,236.7085,236.4973,236.3269,236.2285,236.2261,236.2917,236.3397,236.3661,236.3349,236.2397,236.1253,235.9933,235.8829,235.8141,235.7669,235.7453,235.7133,235.6613,235.5901,235.4789,235.3549,235.2317
233.1037,233.1949,233.2861,233.3885,233.4973,233.6021,233.6781,233.7301,233.7853,233.8413,233.9029,233.9901,234.0885,234.1981,234.3213,234.4533,234.5997,234.7341,234.8781,235.0133,235.1397,235.2853,235.4109,235.5397,235.6629,235.7845,235.9293,236.0941,236.2645,236.3989,236.5565,236.7469,236.9605,236.8317,236.2093,235.9413,236.2437,236.6469,237.0813,237.4565,237.7357,237.9277,237.9949,238.0077,237.9613,237.8869,237.7973,237.6613,237.5301,237.4245,237.3397,237.2805,237.2085,237.0829,236.9021,236.6957,236.5181,236.4053,236.3349,236.2757,236.1837,236.0333,235.8533
233.1869,233.3077,233.4149,233.5261,233.6349,233.7565,233.8685,233.9613,234.0413,234.1253,234.2117,234.3029,234.4157,234.5285,234.6245,234.7125,234.8101,234.9317,235.0781,235.2301,235.3621,235.4885,235.6117,235.7453,235.8885,236.0501,236.2125,236.3629,236.5269,236.7221,236.9445,237.1181,237.2005,237.1173,237.0845,237.2397,237.3317,237.4213,237.7349,238.1485,238.4509,238.6773,238.8429,238.9525,239.0245,239.0877,239.1717,239.2445,239.2677,239.2205,239.0781,238.8645,238.6101,238.3413,238.0917,237.8613,237.6765,237.5445,237.4493,237.3525,237.2333,237.0597,236.8317
233.3421,233.4853,233.5677,233.6269,233.6933,233.7845,233.8541,233.9381,234.0621,234.2133,234.3309,234.4005,234.4501,234.5493,234.6941,234.8677,235.0341,235.1909,235.3181,235.4565,235.6173,235.8013,235.9869,236.1725,236.3325,236.4717,236.6157,236.7565,236.9165,237.0917,237.2725,237.4165,237.5517,237.6757,237.7885,237.8077,238.0189,238.3013,238.4165,238.4117,238.3525,238.3997,238.4917,238.6157,238.7621,238.9365,239.1061,239.2605,239.3845,239.4813,239.5477,239.5685,239.5165,239.3597,239.1229,238.8405,238.5933,238.4053,238.3109,238.3069,238.3029,238.2229,237.9869
232.9901,233.2637,233.4405,233.5573,233.6949,233.8509,233.9645,234.0421,234.0869,234.1413,234.1949,234.2685,234.3629,234.4789,234.5829,234.6813,234.7757,234.9077,235.0637,235.2213,235.3661,235.4701,235.5333,235.5789,235.6429,235.7397,235.9117,236.1413,236.4109,236.6693,236.8989,237.0965,237.3157,237.5357,237.7613,237.8877,237.9477,238.1333,238.4405,238.6645,238.9277,239.0749,239.1365,239.0957,239.1381,239.2197,239.2989,239.3117,239.3493,239.4189,239.5397,239.6717,239.7893,239.8445,239.8301,239.6917,239.4605,239.1789,238.9797,238.9285,238.9909,239.0285,238.8821
232.2485,232.6317,232.8981,233.0141,233.0477,233.1461,233.3309,233.4661,233.5685,233.6645,233.7805,233.8725,233.9517,234.0829,234.2421,234.3997,234.4933,234.5397,234.5893,234.6453,234.7229,234.7749,234.8157,234.8405,234.8989,234.9829,235.1213,235.2861,235.5149,235.8085,236.1509,236.4997,236.8301,237.0533,237.2093,237.5309,237.8253,237.9165,238.1733,238.4405,238.6949,238.7589,238.9925,239.2645,239.4589,239.4693,239.5893,239.6845,239.7701,239.8661,239.9413,239.9821,240.0261,240.0981,240.1541,240.1893,240.1877,240.0837,239.8325,239.5341,239.3349,239.2749,239.2325
231.1005,231.4085,231.6845,231.9117,232.1005,232.2813,232.4717,232.6517,232.8157,232.9653,233.1045,233.2325,233.3381,233.4149,233.4749,233.5117,233.5293,233.5437,233.5805,233.7413,234.0781,234.5989,235.2797,236.0517,236.7813,237.4301,237.9885,238.4909,238.9093,239.2485,239.5061,239.7389,239.9797,240.4093,240.4229,240.3805,240.4565,240.4341,240.3325,240.1861,240.0197,239.7733,239.5829,239.4845,239.4021,239.3669,239.3853,239.4589,239.5925,239.7605,239.8885,239.9653,240.0653,240.2149,240.3693,240.4645,240.5013,240.4909,240.3973,240.1357,239.8029,239.5549,239.3813
230.3573,230.4837,230.5861,230.6533,230.7149,230.8093,230.9205,231.0453,231.1629,231.3037,231.4693,231.6501,231.8621,232.1373,232.5141,233.0325,233.7253,234.6477,235.8573,237.0509,238.0941,238.9557,239.5837,239.9837,240.2373,240.4437,240.6757,240.9045,241.0869,241.2437,241.4637,241.7069,241.9405,242.4549,242.3117,242.0773,242.2549,242.3821,242.4221,242.3829,242.2589,242.0781,241.8237,241.5453,241.2117,240.8677,240.5757,240.3941,240.2573,240.0581,239.8357,239.8245,239.9941,240.1693,240.3133,240.4789,240.6197,240.6597,240.6165,240.5285,240.3429,239.9909,239.5645
230.3933,230.3405,230.2765,230.2877,230.4309,230.6085,230.7733,230.9261,231.0517,231.1653,231.3277,231.6685,232.2925,233.2173,234.3821,235.7165,237.0829,238.4941,239.5109,240.0117,240.3997,240.8213,241.1469,241.4445,241.7261,242.0693,242.3349,242.5669,242.7349,242.9101,243.1309,243.3349,243.4821,243.5597,243.5541,243.4837,243.3789,243.2677,243.1669,243.0613,242.9133,242.7189,242.5141,242.3293,242.1229,241.8365,241.4797,241.1861,241.0237,240.8829,240.5533,240.0629,239.7733,239.8645,240.1309,240.3693,240.5637,240.6957,240.7349,240.6669,240.4781,240.1973,239.8565
230.8229,230.8381,230.8501,230.8933,231.0397,231.3557,231.6485,231.7749,231.8045,232.0749,232.9421,234.4469,236.2589,237.8629,239.0077,239.7445,240.1765,240.7085,241.3557,241.7501,242.0653,242.5989,243.0213,243.3221,243.5621,243.7901,244.0005,244.1861,244.3149,244.4509,244.5869,244.6613,244.6437,244.5581,244.4245,244.2581,244.0941,243.9501,243.8261,243.7213,243.6085,243.4557,243.2581,243.0397,242.7741,242.4325,242.0541,241.7685,241.5893,241.3061,240.7453,240.0885,239.6637,239.6117,239.8493,240.1605,240.4349,240.6413,240.7245,240.7205,240.6085,240.3637,240.0789
231.3309,231.4629,231.5981,231.7069,231.9605,232.5821,232.9261,233.1645,234.1461,235.8053,237.7581,239.2437,240.2357,240.8637,241.4981,242.1525,242.5837,242.9453,243.2957,243.7629,244.1869,244.5357,244.8413,245.0885,245.2589,245.4029,245.5325,245.5861,245.6213,245.7053,245.7341,245.6069,245.3765,245.1349,244.8901,244.6677,244.5101,244.4245,244.3557,244.2365,244.0453,243.7933,243.5333,243.2797,243.0037,242.7125,242.4541,242.2349,241.8853,241.2301,240.4301,239.8517,239.5645,239.5213,239.7069,240.0701,240.4589,240.6485,240.7093,240.7493,240.6909,240.5317,240.3229
231.7293,231.9709,232.3477,232.9197,233.6453,234.3637,234.9501,235.9741,237.8597,239.6477,240.8245,241.7453,242.3373,243.0085,243.5341,243.9797,244.5301,245.0509,245.3965,245.4989,245.6197,245.8533,246.0973,246.3045,246.4989,246.6269,246.6165,246.5797,246.4741,246.4357,246.3797,246.2101,245.9277,245.6037,245.3069,245.0909,244.9797,244.9085,244.7837,244.5269,244.1773,243.8653,243.6501,243.4685,243.2869,243.0869,242.8029,242.3005,241.5221,240.7349,240.2261,239.9021,239.6429,239.5453,239.6989,240.1005,240.5205,240.7789,240.9365,240.9333,240.8029,240.6357,240.4453
233.5893,233.8733,234.2757,234.7773,235.3333,235.9317,236.7453,238.2357,240.0885,241.3237,242.3789,243.4701,244.5821,245.6485,246.4677,246.8157,246.8245,246.5909,246.5317,246.6213,246.9317,247.2653,247.4477,247.5933,247.3989,247.1749,247.1645,247.2061,247.1517,247.0693,246.9565,246.7125,246.3685,246.0741,245.8845,245.7789,245.6805,245.4797,245.1205,244.6837,244.3869,244.2357,244.0613,243.7813,243.3949,242.8829,242.1829,241.4325,240.8821,240.5909,240.4141,240.2221,240.0221,239.8813,239.8765,240.1045,240.5325,241.0293,241.2965,241.2493,241.0277,240.7573,240.4741
234.7661,235.0189,235.2925,235.6469,236.0669,236.5733,237.5373,239.4917,240.9653,242.3029,243.8397,245.4989,246.9469,247.6661,247.8373,247.9245,247.8685,248.1725,248.3261,248.1933,247.9941,247.9925,247.8093,247.4837,247.3469,247.3997,247.4957,247.5461,247.5973,247.5845,247.4677,247.2405,246.9237,246.7165,246.6541,246.5485,246.2677,245.8221,245.3709,245.1533,244.9637,244.5157,243.8365,243.1053,242.4645,241.9317,241.5245,241.1957,240.9285,240.7525,240.6485,240.5517,240.4373,240.3181,240.2797,240.4661,240.9245,241.4125,241.6373,241.6077,241.3285,240.9109,240.5397
234.8997,235.2141,235.5285,235.8853,236.3117,236.8237,238.1861,240.0309,241.3869,243.1701,245.2477,246.8789,247.4325,247.3565,247.6909,248.0797,248.3813,248.6837,248.7573,248.2613,247.7933,247.5821,247.4813,247.5213,247.4997,247.4853,247.5389,247.7413,247.9501,248.0277,247.9277,247.7325,247.4981,247.1925,246.9741,246.7901,246.5253,246.0741,245.8317,245.6045,244.7669,243.6309,242.8893,242.6197,242.4965,242.2829,242.0005,241.7437,241.5501,241.3445,241.1181,240.9269,240.7893,240.6749,240.5925,240.6405,240.9517,241.3749,241.6869,241.7925,241.5661,241.0325,240.6013
