metero/data/60.t.json
{"header": { "discipline":0, "disciplineName":"Meteorological products", "gribEdition":2, "gribLength":81410, "center":38, "centerName":"Beijing (RSMC)", "subcenter":0, "refTime":"2014-04-24T12:00:00.000Z", "significanceOfRT":1, "significanceOfRTName":"Start of forecast", "productStatus":0, "productStatusName":"Operational products", "productType":1, "productTypeName":"Forecast products", "productDefinitionTemplate":0, "productDefinitionTemplateName":"Analysis/forecast at horizontal level/layer at a point in time", "parameterCategory":0, "parameterCategoryName":"Temperature", "parameterNumber":0, "parameterNumberName":"Temperature", "parameterUnit":"K", "genProcessType":2, "genProcessTypeName":"Forecast", "forecastTime":3, "surface1Type":100, "surface1TypeName":"Isobaric surface", "surface1Value":50000.0, "surface2Type":255, "surface2TypeName":"Missing", "surface2Value":0.0, "gridDefinitionTemplate":0, "gridDefinitionTemplateName":"Latitude_Longitude", "numberPoints":64800, "shape":6, "shapeName":"Earth spherical with radius of 6,371,229.0 m", "gridUnits":"degrees", "resolution":48, "winds":"true", "scanMode":64, "nx":360, "ny":180, "basicAngle":0, "lo1":0.0, "la1":-90.0, "lo2":359.0, "la2":89.0, "dx":1.0, "dy":1.0 }, "data":
[rows 112 to 139 of 180, columns 189 to 251 of 360]
264.2861,264.4173,264.5325,264.5853,264.4821,264.2133,263.6965,263.3349,263.1781,262.8573,262.2053,261.9349,262.1029,262.4005,262.5861,262.6733,262.8581,263.2373,263.5069,263.5989,263.7669,263.9597,264.0469,264.1213,264.6637,264.8741,265.1237,265.1981,265.1221,265.1029,264.7757,264.3405,264.1037,264.0533,264.0405,264.1637,264.2341,264.3589,264.3405,264.3157,264.2621,264.3093,264.4309,264.5205,264.4957,264.6645,264.5645,264.4677,264.2501,264.0533,263.8293,263.6989,263.5589,263.2029,262.5301,262.2645,262.2445,261.6933,261.1917,260.9917,261.0229,260.9445,261.3637
264.5853,264.3981,264.2325,264.1629,264.0909,263.9773,263.6237,263.0309,262.6629,262.4677,261.9781,262.1181,262.6389,262.8349,262.7485,262.7773,262.9581,263.4789,263.6645,263.4941,263.8133,264.0213,264.0605,264.1293,264.2373,264.3821,264.4837,264.4661,264.4309,264.3461,264.2981,264.0413,263.6693,263.5661,263.6037,263.6733,263.8285,264.0949,264.3085,264.2829,264.3237,264.4853,264.4701,264.2285,264.0261,264.1517,264.4069,264.4029,264.2557,264.0181,263.7805,263.4333,263.2181,263.1181,262.8309,262.2477,261.9629,261.8221,261.3173,260.8869,260.6581,260.8765,260.9645
264.8341,264.6909,264.4605,264.2869,264.0165,263.5941,263.3917,263.0325,262.4581,262.0573,261.9253,262.2533,262.7349,263.0421,262.8389,262.8141,263.1589,263.5237,263.7421,263.2853,263.3677,263.7933,264.1549,264.3533,264.5069,264.4925,264.5949,264.5597,264.1909,263.9397,263.8469,263.6309,263.3373,263.1173,263.0357,263.0957,263.1701,263.4349,263.8933,264.3085,264.5389,264.4525,264.1197,263.9741,263.6253,263.6765,263.9469,264.2485,264.3093,264.1101,263.8709,263.4373,263.0189,262.8517,262.8189,262.6101,262.0021,261.7621,261.5981,261.2869,261.2205,261.6229,261.8997
264.4397,264.5093,264.4133,264.5381,264.5357,264.2029,263.5413,263.0285,262.7773,262.4909,262.4413,262.6245,262.9517,263.1805,263.2173,263.2989,263.4589,263.5757,263.6045,263.3605,263.0509,263.3181,264.0101,264.2733,264.2613,264.2381,264.4181,264.4629,264.3029,264.0173,263.6389,263.2477,262.9237,262.6709,262.5213,262.4437,262.5061,262.9221,263.7077,264.2965,264.1781,263.7517,263.8485,263.5293,263.1813,263.3525,263.7757,263.8549,264.1669,264.1805,263.8949,263.5997,263.0893,262.8029,262.7477,262.7749,262.6685,262.1293,261.7741,261.6501,261.4565,261.3029,261.2949
263.8901,263.8389,263.8805,263.9477,264.1277,264.1965,264.1989,263.8941,263.4333,263.0741,262.9197,262.9525,263.0829,263.1621,263.2061,263.2973,263.4413,263.4693,263.4709,263.5037,263.0813,263.1525,263.3981,263.4821,263.5965,263.8045,264.1365,264.3701,264.4709,264.4509,264.2917,263.9765,263.5645,263.1277,262.8405,262.7589,262.7493,262.8677,263.1173,263.4373,263.6853,263.7941,263.6701,263.2805,262.9373,263.0925,263.5117,263.7541,263.8237,264.0373,263.9637,263.6781,263.2925,262.9861,262.8853,262.8357,262.8077,262.7797,262.4597,261.9261,261.7149,261.5709,261.6285
264.1805,263.8157,263.5837,263.4813,263.5309,263.4517,263.3733,263.1805,263.0269,262.8909,262.8197,262.8197,262.9501,263.0981,263.1093,263.1725,263.1509,263.0533,262.9973,262.9685,263.1781,263.0821,262.7709,262.7589,262.8669,263.2421,263.7269,263.7469,263.7861,263.8821,264.1005,264.4637,264.6733,264.5893,264.1541,263.8149,263.7669,263.7621,263.5293,263.4477,263.6477,263.9733,264.0789,263.7605,263.1525,263.0397,263.4509,263.7613,263.7429,263.7381,263.7805,263.6213,263.3893,263.2613,263.0245,262.9157,262.9581,263.0037,262.9077,262.7597,262.3405,261.7301,261.5597
264.6485,264.4013,264.0597,263.7437,263.4413,263.1205,262.8453,262.6325,262.6189,262.7293,262.8829,263.0053,263.0389,262.9829,263.0525,263.0557,263.0141,262.8885,262.6565,262.5485,262.6101,262.6885,262.8477,262.7941,262.7493,262.7365,263.0845,263.2589,263.2125,263.3373,263.5693,263.8973,264.2053,264.4189,264.3837,264.2429,264.0573,263.8333,263.7325,263.7765,263.5853,263.6853,264.0365,264.1501,263.7797,263.2517,263.3221,263.6901,263.8381,263.6941,263.5757,263.4333,263.2789,263.2565,262.9845,262.8317,263.1293,263.1613,263.1013,263.1773,262.7909,262.4469,262.3365
264.8781,264.6517,264.3877,264.0373,263.6605,263.2397,262.8869,262.6421,262.4637,262.3765,262.3805,262.4773,262.6581,262.8645,262.9589,262.9549,262.8933,262.8301,262.8693,262.8005,262.5021,262.4533,262.5629,262.6941,262.7853,262.8101,262.9405,263.0797,263.0733,263.0101,263.0765,263.2525,263.2765,263.2437,263.4077,263.6693,263.8325,263.6725,263.3037,263.1013,262.8285,262.7653,263.1541,263.5477,263.9085,263.7093,263.2981,263.3693,263.3805,263.3749,263.3829,263.2229,262.9173,262.7357,262.6021,262.5229,262.8093,263.1405,263.2261,262.8285,262.4581,262.1269,261.8013
265.1557,264.7965,264.4533,264.0349,263.6973,263.4325,263.2309,263.1381,262.8989,262.6325,262.4549,262.3949,262.3237,262.2237,262.2885,262.4349,262.5013,262.5157,262.3997,262.4717,262.6413,262.7789,262.7069,262.5749,262.5533,262.6037,262.6325,262.4805,262.1941,262.0205,262.0013,262.1213,262.3301,262.6205,262.8589,263.0357,263.1317,262.9829,262.4733,261.8229,261.5861,261.7941,262.0693,262.3053,262.6229,262.9717,262.7469,262.7805,263.0973,263.0125,262.5765,262.3053,262.1949,261.9989,261.8021,261.9245,262.2853,262.5741,262.7261,262.4445,262.0293,261.7037,261.3933
265.3853,265.0701,264.7637,264.3957,264.1685,264.0325,263.9693,263.7317,263.4141,263.1565,262.9677,262.7789,262.6133,262.4285,262.3381,262.3373,262.3285,262.2605,262.2381,262.1085,262.0445,262.0781,262.1861,262.3013,262.3813,262.2797,262.1021,261.9461,261.6821,261.4789,261.4861,261.5661,261.5429,261.4029,261.4253,261.6381,261.8453,261.8421,261.4821,261.1021,261.1053,261.2997,261.4413,261.3725,261.3741,261.6925,261.7941,261.8469,262.3525,262.6101,262.2909,261.4813,261.1693,261.1941,261.2237,261.3189,261.4765,261.7461,261.8565,261.6669,261.5669,261.2813,260.9373
265.2605,265.0653,264.8661,264.8053,264.7405,264.6213,264.3013,264.1141,263.8949,263.7501,263.6653,263.5485,263.3893,263.1989,262.9485,262.8221,262.7509,262.6173,262.3925,262.2877,262.2405,262.0909,261.9181,261.6853,261.5069,261.4365,261.4805,261.5293,261.4821,261.3709,261.1373,260.8293,260.6789,260.7949,260.8245,260.5373,260.2813,260.1325,260.0293,260.1021,260.4269,260.8221,261.1029,261.2365,261.0925,260.8789,260.8989,261.0517,261.5389,261.8549,261.6941,261.1589,260.7893,260.6301,260.7429,260.8893,261.1213,260.9125,260.7997,260.9213,260.7301,260.5853,260.4653
265.1549,265.0909,265.0117,264.8293,264.6765,264.5461,264.3717,264.2045,264.0301,264.0021,263.9573,263.7989,263.7413,263.8693,263.8869,263.6653,263.4077,263.1485,262.9053,262.7229,262.5709,262.4477,262.3325,262.1717,261.7141,261.1717,260.6965,260.4605,260.5653,260.6677,260.6029,260.4317,260.1981,259.8973,259.7541,259.8781,259.9021,259.5557,259.1445,258.9357,259.1197,259.4989,259.8349,260.2573,260.7053,260.7109,260.2133,260.1133,260.5181,260.9701,261.1925,260.7125,260.4477,260.2805,260.3573,260.5677,260.5701,260.2845,260.0805,260.1061,260.2613,260.3013,260.3589
264.9813,264.8861,264.8837,264.9021,264.8141,264.6645,264.5565,264.3797,263.9733,263.5941,263.3773,263.3461,263.3133,263.3253,263.4157,263.5741,263.6957,263.6869,263.6213,263.4637,263.1741,262.9405,262.8269,262.7813,262.4581,261.9717,261.1717,260.5613,260.1773,259.9589,259.6885,259.5021,259.2261,259.1413,259.0565,258.8765,258.7485,258.7805,258.9989,258.8845,258.5453,258.3221,258.5213,258.8709,259.1741,259.7757,260.0605,259.4485,259.4293,259.8277,260.2037,260.2101,259.9077,259.7685,259.8597,259.8645,259.7677,259.6589,259.7085,259.8661,260.0413,260.0661,260.2045
265.1397,265.0077,264.9285,264.8605,264.7157,264.5797,264.3173,264.0725,264.0341,263.7261,263.4429,263.3669,263.2845,263.1341,262.9765,262.9341,262.9821,263.1413,263.3301,263.4973,263.5205,263.1733,262.9149,262.8205,262.7557,262.6821,262.5845,262.1917,261.4597,260.2765,259.3301,258.9741,258.3213,257.7149,257.4381,257.7261,258.0221,257.9829,258.0053,258.3301,258.6621,258.5501,258.1037,257.7445,257.6765,258.0525,258.7293,259.1269,258.8997,258.4885,258.3253,258.8997,259.0109,259.0877,259.1917,259.1597,259.2157,259.1389,259.2533,259.4077,259.6293,259.7093,259.6141
264.7373,265.0085,265.0133,264.7557,264.4981,264.3981,264.0317,263.6709,263.6781,263.5037,263.3357,263.2317,263.2181,263.2229,263.2397,263.1413,262.8357,262.5253,262.4157,262.5013,262.7133,262.8805,262.8733,262.8037,262.6837,262.4693,262.1789,261.8877,261.5813,261.0965,260.1069,258.0573,257.2029,256.7645,256.6429,256.2637,256.0885,256.2037,256.5469,256.8253,257.2229,258.1525,258.4629,258.2373,257.7301,257.3005,257.2117,257.4693,257.7741,258.0173,257.8357,258.3405,258.6341,258.2901,258.6373,258.6301,258.6941,258.6429,258.6981,258.7941,258.7861,258.7589,258.4597
264.2325,264.2109,264.1733,264.0869,263.8069,263.9781,263.7813,263.3565,263.1277,262.8789,262.6709,262.5509,262.6605,262.9381,263.0733,263.0461,262.9245,262.6029,262.0517,261.4709,261.2437,261.3325,261.5013,261.5925,261.5101,261.1813,260.7189,260.2301,259.8021,259.2477,258.3653,257.3261,256.2317,256.0485,255.9125,255.7173,255.5853,254.9949,255.0045,255.2109,255.7629,256.1533,256.6941,257.1557,257.3125,257.3429,257.0269,256.6509,256.2589,256.5517,256.9045,257.8565,257.6349,257.4389,257.8397,257.8357,257.8645,257.7421,257.7525,257.5901,257.3469,257.3173,256.9861
262.8325,262.7333,263.0005,262.9789,263.2021,263.3221,262.8333,262.4157,262.3765,262.3285,262.4525,262.5221,262.6589,263.0317,263.1749,262.9357,262.3333,261.8325,261.3941,260.8133,260.4037,260.2973,260.2949,260.1805,259.9885,259.7021,259.2181,258.5941,257.9733,256.8629,255.8005,255.1941,255.0005,254.9877,255.0709,254.8661,254.6845,254.6189,254.3285,254.4405,254.5501,254.6741,255.0085,255.2925,255.5893,255.7773,255.7477,255.8429,255.8037,255.4037,255.6357,256.4429,256.9069,256.4661,256.9525,256.8629,256.6797,256.1733,255.9301,255.8373,255.9813,256.1133,256.1765
261.8621,261.9749,261.6565,261.6557,261.9917,262.3093,262.1949,261.9125,261.9085,262.1997,262.2477,262.3053,262.4373,262.3261,261.9421,261.6629,261.3357,260.8517,260.5381,260.3069,259.8445,259.6909,259.7557,259.4685,258.8381,258.5293,258.0981,257.1997,256.1261,254.9941,254.0917,253.3093,252.6565,252.5109,252.3973,252.1533,252.0645,252.2285,252.3469,252.7301,253.1029,253.3269,253.4997,253.8605,254.1405,254.2925,254.1205,254.4805,254.9117,254.4397,254.8213,255.7853,255.2213,255.8741,256.2005,255.8781,255.5925,255.7517,255.2237,254.9765,255.1693,255.2677,255.4149
261.5629,261.2805,261.2309,261.2093,261.2221,261.1333,261.0485,261.0933,261.4077,261.4909,261.3589,261.4861,261.5037,261.2701,261.0653,260.5493,260.2029,259.9949,259.9581,259.8685,259.5949,259.2653,258.8509,258.0909,257.4269,256.8821,256.1733,254.9749,254.0661,252.9717,252.0997,251.6461,251.1757,250.5853,250.2973,250.1781,250.0573,250.3557,250.7717,250.8869,251.1413,251.4221,251.6837,252.0229,252.4685,252.7717,252.6653,252.5613,253.8573,253.3645,253.7045,254.6045,254.4629,254.8293,255.5869,254.9013,254.9117,254.6661,254.5877,254.3677,254.5925,254.8261,254.9357
261.6421,261.8373,262.1893,262.3853,262.3765,262.0509,261.4565,260.9589,260.7757,260.8205,260.8757,260.7429,260.4253,260.1093,259.8829,259.6069,259.5861,259.6133,259.5477,259.3181,258.9725,258.3069,257.4269,256.3861,255.7533,255.1637,254.1485,253.1477,252.1325,250.8053,249.7645,249.1669,248.7941,248.4269,247.9973,247.8973,248.2821,248.4829,248.3981,248.7477,249.3037,249.6445,249.8493,250.1229,250.3661,250.4397,250.0941,250.2893,251.5797,251.8717,252.8653,252.8981,253.5229,253.8037,254.6317,254.7117,254.4125,254.2309,254.0181,254.0917,254.3349,254.5445,254.3973
261.7861,261.8781,262.0381,261.9517,261.8405,261.6805,261.2045,260.7053,260.5253,260.9573,261.0365,260.5509,260.2917,259.8885,259.7205,259.5485,259.3861,259.2237,258.8285,258.2525,257.4853,256.6421,255.6077,254.7093,254.0269,253.2781,252.3597,251.2053,249.9997,248.6661,247.4093,246.5541,246.1325,246.2053,245.8605,245.8493,246.1245,246.4557,246.6997,246.4749,246.2877,246.2797,246.4581,246.8685,247.3181,247.6797,247.9821,250.4341,250.7869,249.5309,250.2269,251.3701,252.1629,252.7877,253.5645,253.5429,253.7733,253.4957,253.7501,253.8869,253.8469,253.8861,253.7357
260.8333,261.5413,261.1933,260.7133,260.6269,260.6709,260.3213,260.4981,260.5717,260.6101,260.7477,260.8269,260.5637,260.0437,259.7853,259.3605,258.7269,258.1237,257.5653,256.8085,255.8429,254.7061,253.7725,253.1573,252.3085,251.3597,250.1805,248.9645,247.5885,246.5789,245.7757,245.0789,244.7189,244.6949,244.4653,244.4365,244.1773,244.3733,244.3613,244.4725,244.8085,245.1885,245.4997,245.7885,246.1557,246.6005,246.8917,249.7845,250.0469,250.3221,250.5637,250.1989,250.2565,251.2437,252.1485,252.6781,252.6653,252.9597,253.2589,253.2717,253.5525,253.9901,253.8197
260.4469,260.8829,261.1941,260.8853,260.9285,260.9613,260.6253,260.2853,259.7277,259.6917,259.9973,260.3573,260.1197,259.7749,259.3629,258.7149,258.0885,257.4741,256.4605,255.3085,254.0669,253.1205,252.4717,251.7933,250.5677,249.2293,247.6893,246.0573,245.0749,244.8229,244.4565,244.1469,243.9269,243.7109,243.6837,243.6573,243.4469,243.5165,243.6069,244.1973,244.7069,245.0053,245.3733,245.6509,245.9125,246.0533,246.2581,247.2165,247.9821,248.9221,249.5653,249.9061,249.5157,249.9869,250.8125,251.2853,251.4325,252.5709,252.7141,252.5269,252.7493,253.6741,253.6629
259.9965,260.0589,260.2397,260.2213,260.0797,260.2301,259.8381,259.1221,258.7637,259.1821,259.2557,259.1237,258.9301,258.9285,258.6389,258.0213,257.4493,256.2885,254.8621,253.6597,252.5389,251.7773,250.9349,249.7349,248.0069,246.3789,244.7213,243.8717,243.6397,243.3325,243.3005,243.4949,243.4653,242.6517,242.4109,242.6101,242.8157,243.1725,243.6981,244.3669,244.7973,245.1229,245.5029,245.7117,245.8357,245.9029,245.7589,245.9317,246.6789,247.3589,248.4037,249.4685,249.5941,249.3117,249.8245,250.1205,251.2805,251.5453,251.9589,252.6053,252.4093,252.9237,251.6613
258.5333,258.3933,258.4181,258.7725,258.8893,258.7485,257.9429,257.6277,258.0837,258.0565,257.9613,258.0101,258.0805,257.8533,257.5781,257.2141,256.3197,254.4973,253.1237,252.1533,251.1029,250.0885,248.6541,246.9101,245.2013,243.7309,242.9837,242.7373,242.6645,242.8549,242.9693,242.7989,242.2581,241.9245,242.0717,242.5197,243.0149,243.5429,244.1621,244.5789,244.8349,245.0941,245.3189,245.5293,245.6877,245.6277,245.3677,245.1269,245.8581,246.6269,248.1597,248.8213,249.0469,248.6029,249.0389,249.6029,250.4597,251.5461,252.0733,251.5133,251.6069,252.1949,251.3197
256.9541,257.2501,257.5741,257.2925,256.9965,256.8117,256.3973,256.4261,256.5605,256.8501,257.1637,257.6533,257.2501,256.5253,256.3965,255.8589,254.0397,252.5677,251.7109,250.6221,249.1845,247.5885,245.8605,244.1293,242.6829,242.1413,242.0989,242.1397,242.4837,242.7285,242.6877,242.2413,241.9165,242.1621,242.6925,243.2445,243.7021,243.9405,244.0709,244.3645,244.6717,244.7557,244.8477,244.9245,244.9013,244.9413,244.8797,244.6429,245.5509,246.5349,248.0429,247.9981,248.7709,248.5357,249.0317,249.7725,250.7581,251.0813,251.6437,251.2405,250.7053,251.8501,252.0189
256.4821,256.2733,256.1245,256.2205,256.1469,255.5597,255.0165,255.4485,256.0901,256.7229,257.0829,256.3357,255.4637,255.3949,254.9141,253.1725,251.8837,251.0357,249.9517,248.4093,246.5165,244.6917,243.0253,241.7429,241.4829,241.6229,241.9437,242.3589,242.6069,242.6125,242.4677,242.5613,242.7573,243.0293,243.2445,243.3013,243.3245,243.5205,243.8213,244.1261,244.3109,244.8237,245.0421,244.6541,244.2429,244.2685,244.5309,245.0893,246.0365,246.3469,247.0405,248.0757,248.4549,248.6573,249.2229,249.7853,250.3973,250.9549,251.5789,250.3189,251.3645,251.5093,250.4629
255.1981,255.7261,255.9349,255.6533,255.1005,254.3269,254.2933,254.8437,255.3277,256.2461,255.3429,254.7029,254.8757,254.0061,252.2629,251.2221,250.4957,249.4181,247.7365,245.4669,243.4389,241.9589,240.9525,240.8453,241.2277,241.8325,242.2877,242.5285,242.6157,242.7973,242.9573,243.0997,243.1285,242.9437,242.2997,242.9877,243.5525,243.8869,243.8237,244.0189,244.7573,245.5005,244.9525,244.6869,244.5837,244.2949,244.9981,245.6565,245.7405,246.7669,247.6893,248.4461,248.6301,248.8013,249.4197,250.0301,250.6925,251.1293,250.9469,251.3501,250.8733,249.6877,248.0381
