metero/data/temporary.json
{"header": { "discipline":0, "disciplineName":"Meteorological products", "gribEdition":2, "gribLength":39557, "center":38, "centerName":"Beijing (RSMC)", "subcenter":0, "refTime":"2014-04-24T12:00:00.000Z", "significanceOfRT":1, "significanceOfRTName":"Start of forecast", "productStatus":0, "productStatusName":"Operational products", "productType":1, "productTypeName":"Forecast products", "productDefinitionTemplate":0, "productDefinitionTemplateName":"Analysis/forecast at horizontal level/layer at a point in time", "parameterCategory":0, "parameterCategoryName":"Temperature", "parameterNumber":0, "parameterNumberName":"Temperature", "parameterUnit":"K", "genProcessType":2, "genProcessTypeName":"Forecast", "forecastTime":3, "surface1Type":100, "surface1TypeName":"Isobaric surface", "surface1Value":25000.0, "surface2Type":255, "surface2TypeName":"Missing", "surface2Value":0.0, "gridDefinitionTemplate":0, "gridDefinitionTemplateName":"Latitude_Longitude", "numberPoints":64800, "shape":6, "shapeName":"Earth spherical with radius of 6,371,229.0 m", "gridUnits":"degrees", "resolution":48, "winds":"true", "scanMode":64, "nx":360, "ny":180, "basicAngle":0, "lo1":0.0, "la1":-90.0, "lo2":359.0, "la2":90.0, "dx":1.0, "dy":1.0 }, "data":
[rows 26 to 51 of 180, columns 300 to 359 of 360]
227.89357,227.78056,227.72256,227.65157,227.29857,226.95256,226.63857,226.41956,226.38057,226.47556,226.45856,226.38156,226.13756,225.83656,225.60857,225.28957,225.01656,224.80356,224.71756,224.55656,223.98256,223.45256,223.19456,222.88356,222.61656,222.70656,223.12056,223.39656,223.53156,223.24556,222.65157,222.29456,222.28357,222.33156,222.44656,222.64456,222.81856,222.80756,222.81256,222.96156,223.23856,223.51357,223.77057,224.05656,224.43857,224.97057,225.54956,225.99356,226.28957,226.56456,226.82956,226.90956,226.88756,227.07056,227.19156,227.23357,227.32156,227.52057,227.66156,227.72256
227.02457,226.95456,226.84856,226.90456,226.74556,226.42757,226.19856,225.76556,225.47757,225.47656,225.53856,225.55356,225.42957,225.19057,224.99756,224.73656,224.44057,224.26456,224.26656,224.14757,223.67256,223.34256,222.89056,222.21956,222.09157,222.30856,222.83856,223.18956,223.26857,222.70956,222.26956,221.95856,221.92656,221.99257,222.10056,222.21556,222.38556,222.55856,222.68456,222.88156,223.08755,223.26956,223.41656,223.54356,223.73056,224.10956,224.57056,224.93156,225.20656,225.52356,225.76256,226.17157,226.54556,226.71156,226.82056,226.93556,227.12856,227.36256,227.58257,227.73357
225.81056,225.95256,226.17157,226.16457,225.95557,225.81557,225.57657,225.29857,225.02457,224.75957,224.54956,224.69756,224.69856,224.51357,224.36057,224.13657,223.82457,223.69356,223.68857,223.59956,223.30656,223.10857,222.72856,221.76756,221.65857,221.89156,222.41057,222.75957,222.69456,222.34256,221.82956,221.60657,221.65656,221.80556,221.99657,222.22057,222.41556,222.57156,222.69856,222.81956,222.95056,223.03456,223.10156,223.14056,223.26956,223.52956,223.92456,224.26357,224.53256,224.79456,225.05457,225.36256,225.79356,226.18556,226.46657,226.61557,226.85857,227.12756,227.33156,227.46356
224.18857,224.19456,224.28656,224.61856,224.98557,224.91656,224.73856,224.56056,224.71857,224.63857,224.43056,224.10857,223.75256,223.72856,223.71056,223.39557,223.21857,223.18657,223.31557,223.22556,222.83957,222.73357,222.25757,221.41057,221.35056,221.57956,221.93857,221.94257,221.82756,221.71956,221.60156,221.52657,221.69656,221.91356,222.04556,222.16356,222.30057,222.42957,222.51857,222.47957,222.35756,222.28357,222.32556,222.41156,222.54556,222.78357,223.06557,223.36456,223.65756,223.98956,224.34157,224.56357,224.94257,225.39056,225.70256,225.92456,226.20157,226.49257,226.70357,226.75056
222.83456,223.01857,222.90256,223.04556,223.15157,223.33656,223.25456,223.50957,224.09456,224.18556,224.10457,224.22156,222.83755,221.81956,222.92056,222.84656,222.73157,222.79657,222.80156,222.73656,222.24156,222.18657,221.75957,221.21457,221.22057,221.42957,221.70656,221.41656,221.15256,221.17256,221.32457,221.45456,221.55656,221.66356,221.75957,221.81256,221.79956,221.73456,221.66156,221.62357,221.54056,221.49956,221.62556,221.80457,222.00056,222.25156,222.51956,222.67157,222.85156,223.10857,223.43056,223.84256,224.10556,224.48157,224.78456,225.00456,225.26256,225.54156,225.78456,225.81056
221.72057,221.66257,221.87456,222.01256,222.22356,222.63257,222.27956,222.15656,222.87256,223.57457,223.49057,223.34856,222.65356,222.27156,222.43456,222.48056,222.18657,222.26956,222.45856,222.52956,221.97556,221.78757,221.86356,221.39856,221.31956,221.29857,221.58456,221.34456,221.00256,221.04857,221.30257,221.36656,221.36856,221.29156,221.16057,221.04356,220.98357,220.98756,221.02257,221.05956,221.10657,221.14957,221.22556,221.38756,221.56056,221.66257,221.72156,221.82056,221.95856,222.15956,222.47057,222.85756,223.34357,223.73956,224.05257,224.31357,224.64456,224.88657,225.14256,225.28256
221.94656,222.21956,221.41356,220.81656,220.87157,221.42256,222.36557,221.72856,222.01756,222.66556,222.65356,222.92656,222.48056,221.87756,221.98256,221.85556,221.79756,221.99356,222.30057,222.28557,221.88057,221.56856,221.70256,221.50056,221.31056,221.22456,221.43956,221.15857,220.96356,221.04556,221.26456,221.25056,220.90956,220.61757,220.41457,220.41856,220.48456,220.52756,220.59956,220.70157,220.80156,220.86057,220.86356,220.84856,220.85257,220.89056,220.94456,220.99457,221.05656,221.24857,221.52756,221.84456,222.15556,222.42656,222.73856,223.69356,223.88356,224.15956,224.38956,224.76656
221.00856,221.18456,221.52457,221.95557,221.11057,220.42957,221.12856,222.11456,221.67357,222.00456,222.12157,222.28357,222.23456,221.40756,220.90857,220.89557,221.28456,221.84357,222.12956,221.84956,221.59357,221.56056,221.36456,221.28056,221.13257,221.00856,221.14957,220.99756,220.85156,220.92157,221.07756,221.03957,220.46556,220.19156,220.13057,220.10556,220.12256,220.14656,220.25156,220.29956,220.29256,220.24257,220.16756,220.11456,220.06856,220.01056,219.96356,219.97156,220.05457,220.19257,220.45557,220.88657,221.36156,221.85257,222.02457,222.18956,222.81856,223.24257,223.64656,223.88156
222.38657,222.42056,222.32956,222.36856,222.59756,222.09456,220.66356,221.23557,221.87756,221.25356,221.64156,221.86557,222.02057,221.14557,220.87756,220.74956,220.58957,221.32156,221.72856,221.46457,221.25856,221.30856,221.15056,220.93857,220.80257,220.71556,220.81656,220.81956,220.50156,220.54156,220.63057,220.70856,220.30756,220.02457,220.01756,219.99457,219.90456,219.85457,219.91556,219.94456,219.88956,219.80956,219.77956,219.78957,219.71556,219.55956,219.44456,219.55156,219.84256,220.14656,220.35756,220.40356,220.56956,220.86557,221.18857,221.50156,221.83257,222.22656,222.82156,223.15356
227.96556,227.41956,226.40756,225.29657,224.41457,223.50656,221.83257,220.65356,221.78757,220.86156,220.78957,221.68256,221.64557,220.90157,220.40556,220.57657,220.56757,220.75856,221.13057,220.96857,220.96255,221.18857,221.00456,220.68857,220.62157,220.50256,220.49956,220.64357,220.23656,220.07256,220.12056,220.27556,220.20357,219.92256,219.78256,219.71056,219.68156,219.69356,219.67856,219.65157,219.62256,219.54956,219.41457,219.12456,218.81056,218.57556,218.33556,218.12856,218.20856,218.52156,219.09357,219.72256,220.00056,220.21857,220.57956,220.93956,220.91756,221.32857,221.72256,222.12556
231.02856,230.95357,229.76956,229.35657,227.74057,224.83257,221.82156,221.21156,221.60457,220.45256,220.34357,221.26256,221.39557,220.78957,219.80356,219.99356,220.36256,220.56157,220.71457,220.71756,220.91356,221.17256,220.95456,220.63657,220.53957,220.35556,220.30356,220.44856,220.22757,219.80656,219.76556,219.77257,219.83856,219.81256,219.73357,219.68256,219.63956,219.56856,219.50056,219.48256,219.48856,219.40256,219.12056,218.84756,218.68456,218.46756,218.19556,217.84557,217.50256,217.23656,217.51857,218.17256,218.60556,218.98357,219.61656,219.88657,220.36957,220.62856,220.81656,221.01056
232.17456,232.08257,231.52057,231.17357,229.24756,225.96255,221.74356,221.64357,221.15356,220.20056,220.25356,220.90857,220.98357,220.67757,219.31956,219.35657,219.75056,220.09157,220.41756,220.65956,221.00757,221.10857,220.98956,220.71457,220.41457,220.28656,220.12656,220.26056,220.34456,219.94656,219.62456,219.54756,219.50557,219.50656,219.60356,219.58856,219.64456,219.75757,219.71156,219.57756,219.47957,219.33456,219.21356,219.02856,218.73956,218.54156,218.33656,217.82256,217.34357,217.10857,217.31856,218.00356,218.86856,219.04857,218.61557,218.72556,219.19856,219.57756,219.95056,220.07556
233.09956,233.09557,232.55856,231.38457,229.26456,225.78557,220.88556,220.44057,220.97957,220.23856,220.38956,220.68356,220.52057,220.00156,218.75757,218.71956,219.22456,219.63556,220.04956,220.54657,220.90956,221.13857,221.10556,220.76857,220.38457,220.19356,220.04056,220.10556,220.21156,220.21356,219.89656,219.45157,219.52457,219.62956,219.62256,219.77057,219.91257,219.91756,219.72256,219.54356,219.49457,219.48656,219.27856,218.96356,218.85156,218.69356,218.01256,217.40056,217.08556,217.15656,217.96857,219.12756,220.06056,220.60956,220.21956,218.85857,218.50156,218.85657,218.97456,219.25456
233.25557,232.95256,231.95157,230.45056,227.64456,223.36256,220.24956,220.40356,220.42456,220.01157,220.51756,220.36057,220.14656,219.04356,218.27556,218.40556,218.93756,219.40157,219.94957,220.52356,220.89357,221.30856,221.16556,220.75856,220.47757,220.20656,220.05156,220.02956,220.03156,219.90356,219.68056,219.55856,219.52956,219.79657,220.12656,220.16756,220.08856,219.91556,219.83856,219.78856,219.63956,219.32756,219.06157,218.97456,218.78856,218.08456,217.52657,217.28456,217.50757,218.93256,220.94856,222.40056,223.07657,222.88457,222.41356,221.15256,219.22057,218.59856,218.57056,218.70256
233.01857,231.80956,230.41057,228.12656,224.62556,221.39656,219.86656,219.47957,219.44257,219.94856,220.39656,220.30856,219.63956,218.05257,217.92456,218.33856,218.92656,219.45656,220.14357,220.58156,220.93056,220.83257,220.59756,220.47957,220.54756,220.18756,220.03557,219.95357,220.03456,220.12357,219.94957,219.83856,219.91156,220.08556,220.08057,220.05156,219.97757,219.90656,219.91956,219.65956,219.30756,219.12157,218.99657,218.72656,218.14256,217.68756,217.47156,217.80656,219.81357,221.84756,222.95456,223.73157,224.29857,224.44556,223.39757,222.72856,221.14256,219.44656,218.30756,218.13657
230.39557,229.18857,227.54857,225.18556,222.18256,220.24057,219.38657,218.99657,219.38057,220.01857,220.54056,220.53856,219.44257,218.49857,218.57156,218.73157,219.25356,220.00856,220.51857,220.84357,220.59157,219.88257,219.27057,219.28557,219.97356,219.85756,219.83156,219.71255,219.77156,219.85657,219.68756,219.50656,219.47156,219.62357,219.69556,219.66156,219.63657,219.57356,219.45557,219.14856,218.92157,218.76256,218.48456,217.92656,217.64456,217.67256,217.91356,219.60056,222.14357,222.98756,223.75557,224.06456,225.12556,225.89256,224.24956,223.77156,222.21556,220.53757,218.79657,217.99257
225.15056,224.26656,223.03957,221.44156,220.18857,219.23157,219.01157,219.15556,219.66156,220.33257,220.47656,219.82457,218.75056,218.52556,218.86557,219.38156,219.81456,220.23856,220.63356,220.75856,220.28557,219.83656,219.11456,219.64957,219.83656,219.57956,219.42056,219.31856,219.25256,219.46457,219.44756,219.33356,219.31956,219.38956,219.42557,219.44356,219.33456,219.15456,218.92357,218.78056,218.68456,218.37556,217.88356,217.56557,217.71356,217.89256,219.10857,221.52457,223.17757,223.74956,224.22456,224.42157,226.14557,226.30057,224.98956,224.26157,222.75557,221.57056,220.30257,217.32657
220.84456,220.84456,219.81956,219.05257,218.90056,218.98056,219.08856,219.63756,220.01656,219.77257,219.24356,218.64957,218.36557,218.43056,218.59956,218.87056,219.24457,219.63457,219.99556,220.10657,219.98456,219.76157,219.71956,219.82857,219.65157,219.24756,219.10156,219.09856,219.11456,219.39256,219.48157,219.44057,219.28656,219.33957,219.38156,219.27956,219.02756,218.77956,218.59256,218.49657,218.19057,217.63756,217.37056,217.39757,217.66156,218.51857,220.74356,222.62656,223.99356,224.48157,224.43556,225.14357,226.02756,225.48256,225.21255,223.98557,223.50757,222.83957,220.91656,217.88657
218.34856,218.79956,218.75356,218.64557,218.74457,219.05156,219.36156,219.51357,219.16756,218.60056,218.10956,217.76756,217.56056,217.67157,218.10657,218.54056,218.92856,219.35457,219.73856,219.95456,219.96657,219.86456,219.76056,219.71056,219.35356,218.81456,218.98357,218.44156,218.52856,219.11057,219.25957,219.18956,219.17157,219.12357,218.81656,218.49657,218.28357,218.16856,218.08257,217.69957,217.33257,217.24057,217.18156,217.51756,218.41156,220.09056,222.11957,223.45157,224.74257,225.10956,225.05756,225.61456,225.26157,224.07156,223.37056,223.52457,223.68657,223.15556,221.93156,219.51157
217.96657,218.13457,218.21857,218.27257,218.49556,218.79657,218.81256,218.54056,218.30856,218.00557,217.45656,217.19257,217.55756,218.03056,218.25856,218.54456,219.00656,219.50757,219.84456,220.02856,220.18657,220.17256,219.89856,219.55257,219.07956,219.17557,218.89656,218.75456,218.83755,218.95157,218.88657,218.65656,218.46056,218.19356,217.99756,217.93156,217.93556,217.89957,217.52156,217.21356,217.18056,217.14156,217.52956,218.34656,219.61856,221.56557,222.95757,224.36057,225.21657,225.26456,225.17157,224.99057,224.41756,223.00656,223.14357,223.34256,223.24257,222.86957,221.53357,219.30556
217.64256,217.62956,217.64357,217.75557,217.93456,218.03656,217.69456,217.44257,217.43657,217.26857,217.20157,217.64056,217.98256,218.14856,218.19656,218.40056,218.64256,218.84456,219.01456,219.29256,219.54156,219.48756,219.21956,218.90157,218.73756,218.40056,218.31157,218.33556,218.27856,218.18857,218.04956,217.96356,218.00656,217.89256,217.87357,217.85056,217.75656,217.44756,217.25656,217.20056,217.21556,217.73956,218.57156,219.62756,220.99657,222.33957,223.64156,224.59456,224.94957,224.88756,224.67456,224.30257,223.24057,222.40256,222.11057,221.80556,221.96457,221.63857,220.50356,218.54056
216.66556,216.62856,216.65356,216.77756,216.96457,217.01357,216.66956,216.59756,216.70656,216.94957,217.46056,217.57857,217.74556,217.71056,217.81557,217.90056,218.02457,218.27756,218.47656,218.68356,218.91057,218.72057,218.24657,217.71457,217.44156,217.50656,217.64256,217.72456,217.82657,217.73056,217.50256,217.61256,217.81956,217.78156,217.79857,217.77756,217.61757,217.44057,217.39056,217.52457,218.22757,219.23157,220.13057,221.01556,221.93156,223.08057,224.05356,224.38457,224.48656,224.41756,223.93756,223.14856,222.20056,221.75557,220.76756,220.95956,221.20757,220.44957,220.24457,218.31956
215.89757,215.84856,215.82457,216.04556,216.29456,216.32156,216.31357,216.37756,216.54356,216.86456,217.18857,217.28856,217.37656,217.49556,217.52356,217.35956,217.34756,217.55156,217.72356,217.73357,217.74657,217.67456,217.58257,217.58156,217.59056,217.55556,217.54256,217.59956,217.72856,217.81856,217.79256,217.71956,217.78156,217.91656,217.95357,217.88756,217.89656,218.01556,218.55457,219.33856,220.56757,221.38657,221.81256,222.23856,222.74057,223.79256,224.14856,224.13257,224.06656,223.62256,223.22757,222.41257,221.76656,220.94057,220.56656,220.21056,219.29056,219.12756,218.25856,217.23157
215.47556,215.50156,215.64056,215.92656,216.13156,216.21756,216.26357,216.41257,216.65656,216.84157,216.92757,216.99956,217.25156,217.50656,217.18056,216.99556,216.85556,216.84157,216.88457,216.72057,216.66356,216.67456,216.70357,216.94456,217.28957,217.58856,217.75056,217.85257,217.94957,218.07056,218.34456,218.68056,218.99356,219.23157,219.41756,219.66656,220.22957,221.02457,221.77756,222.88657,223.31856,223.26556,223.24057,223.23056,223.73357,224.20757,224.04156,224.00056,223.69057,223.89656,223.58257,221.81956,221.25156,220.33656,219.67357,219.18556,219.12256,218.77956,217.87656,216.67157
215.49857,215.80057,216.00856,216.17656,216.31656,216.49257,216.56856,216.57857,216.52657,216.57056,216.64456,216.58856,216.63457,216.60356,216.40056,216.25557,216.37357,216.29156,216.26857,216.32356,216.41856,216.56456,216.69456,216.92757,217.25456,217.69356,218.33156,219.08057,219.77956,220.47156,221.39357,222.55156,223.55856,224.27156,224.51256,225.30356,225.77356,225.49756,226.07556,225.61057,225.06757,224.65857,224.40456,224.20056,224.53656,224.44957,224.09456,223.91457,223.12456,223.21457,222.88356,221.90157,220.62556,219.69057,218.92757,218.47856,218.32857,218.06757,217.43956,216.62056
215.78856,215.93156,216.26056,216.45956,216.50656,216.60056,216.71857,216.63657,216.56357,216.47356,216.35556,216.36456,216.40157,216.35857,216.28456,216.24156,216.25056,216.27556,216.35657,216.55356,216.84456,217.27257,217.89056,218.60257,219.43857,220.43456,221.67456,223.13156,224.63657,226.24156,227.73256,228.60356,229.19257,229.63756,229.35857,229.26556,228.83556,228.60257,227.71657,227.22556,226.87256,225.97757,225.45256,225.27257,225.09357,224.67656,224.15157,223.63956,222.86156,222.32657,222.26756,221.58656,220.59056,219.85756,219.43556,218.87556,218.40157,218.16956,217.80057,217.32056
