metero/data/temporary.json
{"header": { "discipline":0, "disciplineName":"Meteorological products", "gribEdition":2, "gribLength":39557, "center":38, "centerName":"Beijing (RSMC)", "subcenter":0, "refTime":"2014-04-24T12:00:00.000Z", "significanceOfRT":1, "significanceOfRTName":"Start of forecast", "productStatus":0, "productStatusName":"Operational products", "productType":1, "productTypeName":"Forecast products", "productDefinitionTemplate":0, "productDefinitionTemplateName":"Analysis/forecast at horizontal level/layer at a point in time", "parameterCategory":0, "parameterCategoryName":"Temperature", "parameterNumber":0, "parameterNumberName":"Temperature", "parameterUnit":"K", "genProcessType":2, "genProcessTypeName":"Forecast", "forecastTime":3, "surface1Type":100, "surface1TypeName":"Isobaric surface", "surface1Value":25000.0, "surface2Type":255, "surface2TypeName":"Missing", "surface2Value":0.0, "gridDefinitionTemplate":0, "gridDefinitionTemplateName":"Latitude_Longitude", "numberPoints":64800, "shape":6, "shapeName":"Earth spherical with radius of 6,371,229.0 m", "gridUnits":"degrees", "resolution":48, "winds":"true", "scanMode":64, "nx":360, "ny":180, "basicAngle":0, "lo1":0.0, "la1":-90.0, "lo2":359.0, "la2":90.0, "dx":1.0, "dy":1.0 }, "data":
[rows 0 to 25 of 180, columns 240 to 299 of 360]
232.39156,232.25757,232.07956,231.98256,231.88257,231.82857,231.83656,231.81056,231.88156,232.01357,232.08156,232.09956,232.14357,232.19356,232.23557,232.21156,232.23357,232.31157,232.50957,232.62856,232.71657,232.92856,232.97356,233.03156,233.00456,233.09456,233.26556,233.45357,233.48056,233.41257,232.97356,232.32857,232.24057,232.42256,232.54156,232.90456,232.35257,231.90556,232.04657,232.21556,232.25957,232.59056,232.80656,232.80956,233.01756,232.89256,232.92256,232.76857,232.94456,232.90556,232.86256,232.77657,232.73157,232.79857,233.16856,232.94257,232.98956,233.69057,233.35756,232.47656
232.34856,232.31956,232.24057,232.16257,232.13457,232.04956,231.87856,231.78056,231.88556,231.99657,232.05156,232.06956,232.04756,232.12756,232.13457,232.13156,232.13657,232.30257,232.37556,232.49257,232.65256,232.67656,232.86957,232.93556,232.92157,233.02657,233.30956,233.30656,233.12556,232.89256,232.49657,232.29956,232.24057,232.20757,232.47556,232.57556,232.03456,231.82857,232.07156,231.92656,231.69456,231.95056,232.07657,232.46556,232.97057,233.00757,233.06456,232.96756,232.79056,233.00856,232.65756,232.90656,232.95157,233.04156,233.06056,232.99457,232.61856,232.95157,232.90056,232.01256
232.23157,232.19156,232.16457,232.19656,232.21756,232.16356,231.96956,231.88057,231.89456,231.92757,232.05956,232.04456,231.99156,232.07956,232.13556,232.09056,232.21556,232.29256,232.35857,232.56157,232.65956,232.65956,232.74257,232.81856,232.80356,233.06757,233.22856,233.05457,232.70557,232.36256,232.33057,232.16356,232.12357,232.06357,232.28557,232.33456,232.05257,231.99756,231.89256,231.70557,231.69257,231.28256,231.64557,232.08656,232.34157,232.83656,233.07457,233.05356,232.70357,232.81056,233.07256,233.04756,232.84956,232.68256,232.96356,232.81256,232.76456,232.75356,232.85857,232.56157
232.31956,232.38857,232.33656,232.23656,232.14156,232.04056,231.95557,231.89856,231.88057,231.91257,231.89557,231.89056,231.95956,232.07756,232.18657,232.15456,232.13556,232.15256,232.37056,232.47957,232.61957,232.58257,232.70557,232.70056,232.63556,232.73656,232.87256,232.91956,232.84956,232.82056,232.60156,232.45357,232.30756,232.21457,232.35857,232.57356,232.34856,232.14757,231.81157,231.51357,231.17957,231.18056,231.48157,232.33057,232.42256,232.77657,232.94057,233.09456,232.98557,232.91057,233.26556,233.20557,233.03957,232.63657,232.53056,232.56456,232.46457,232.28056,232.18756,232.11256
232.31656,232.40656,232.37756,232.29056,232.23256,232.07956,231.90056,231.82657,231.92157,231.94756,231.86456,231.83957,231.91457,232.12256,232.23456,232.23157,232.17256,232.32657,232.50957,232.56357,232.66556,232.65656,232.67856,232.61256,232.55556,232.63657,232.79756,232.95357,233.02457,233.06856,232.93256,232.64957,232.60857,232.53357,232.45656,232.47156,232.52057,232.39757,232.05156,231.81557,231.43657,231.32756,231.44656,232.11656,232.46356,232.26357,232.53757,232.89256,233.28557,233.26556,233.28957,233.22656,233.27356,232.75856,232.34157,232.43756,232.21756,231.97456,231.86356,231.81456
232.30356,232.36557,232.23956,232.18756,232.13857,231.99457,231.99857,231.96857,231.91457,231.93956,231.89456,231.86757,231.94957,232.20557,232.30856,232.30057,232.26956,232.39156,232.44156,232.47356,232.62956,232.73056,232.59357,232.48357,232.53256,232.61057,232.84256,232.91656,233.09157,233.19756,233.20256,232.85056,232.80956,232.69356,232.49457,232.47057,232.55257,232.44656,232.29756,232.06656,231.86057,231.29556,231.33456,231.73856,231.98756,232.39557,232.47757,232.84456,233.20656,233.25256,232.84656,233.01157,233.23956,232.49657,232.66057,232.27556,231.95157,231.83356,231.71657,231.81456
232.06456,232.19556,232.16457,232.06256,231.92757,231.92357,231.93756,231.99857,231.97656,231.94756,231.95557,232.00856,232.16156,232.25056,232.24556,232.22856,232.19356,232.20056,232.41856,232.48357,232.64256,232.72957,232.71956,232.71255,232.63857,232.59256,232.68056,232.85257,233.12157,233.19856,233.45157,233.31757,233.00456,232.75757,232.39256,232.35257,232.26956,232.36057,232.25356,231.97556,231.61856,231.57056,231.59157,231.93657,231.84357,232.25356,232.75356,232.62956,233.05756,232.85356,231.91756,232.02257,232.32756,232.25957,232.33957,232.21657,231.98756,232.13257,232.05057,232.25356
232.13756,232.02856,232.08057,232.02956,232.02657,232.00256,231.99156,231.93456,232.03156,232.04456,231.99457,232.12656,232.33755,232.36456,232.25456,232.19057,232.13457,232.21457,232.35356,232.49356,232.63156,232.70256,232.70256,232.65356,232.63356,232.64757,232.65556,232.72057,232.81856,232.91356,233.18556,233.27856,233.04056,232.93256,232.52856,232.20956,232.13057,232.03757,231.94656,231.89856,231.96457,231.88657,231.83856,231.72256,231.53456,232.27356,232.22256,232.29657,232.33456,232.17557,231.88657,232.00557,231.92757,232.10457,231.95056,231.95056,232.09756,232.16057,232.22957,232.28757
232.19756,232.10657,232.11156,232.03856,232.04356,232.09357,232.09357,232.06656,232.03156,232.07857,232.16556,232.31157,232.40456,232.38457,232.39656,232.38956,232.31557,232.32256,232.34856,232.42357,232.62357,232.70856,232.70056,232.58257,232.54456,232.39256,232.42456,232.61856,232.62756,232.68456,232.97957,233.16057,233.02956,232.77756,232.54657,232.15756,231.99956,231.86757,231.85156,231.92456,232.12056,231.91656,231.77257,231.35857,231.68857,231.85857,232.47656,231.95856,231.99257,231.92656,231.82657,231.83755,231.79356,231.75056,231.85257,231.74057,231.90556,232.17157,232.35356,232.76256
232.20557,232.27856,232.18756,231.96857,231.77657,231.85556,231.95056,232.00156,232.08456,232.16356,232.25757,232.25856,232.34557,232.43657,232.49556,232.57356,232.56956,232.45557,232.39656,232.46056,232.60956,232.72456,232.73456,232.60756,232.41156,232.14757,232.00957,232.19856,232.43156,232.38457,232.58156,232.92456,233.13156,232.86757,232.57857,232.03656,231.99457,231.71657,231.75557,231.87756,232.16257,232.07457,231.48856,231.14757,231.51857,231.46756,231.72957,231.90456,232.09157,231.31956,231.55457,231.73157,231.62956,231.69957,231.68657,231.61957,231.91656,232.21657,232.43657,232.53856
232.65857,232.49756,232.30556,232.09956,231.58156,231.57756,231.73056,231.84557,231.97456,232.25656,232.38156,232.37956,232.15456,232.15456,232.25957,232.42157,232.46156,232.44257,232.41156,232.42456,232.48956,232.53656,232.61557,232.61057,232.35956,232.09056,231.86557,231.81856,231.95557,232.06256,232.27156,232.53456,233.04857,233.13857,232.84357,231.88057,231.76656,231.72957,231.60257,231.83656,231.91356,231.78957,231.48056,231.31656,231.38556,231.24257,231.35257,231.70157,231.78557,231.69156,231.53056,231.44156,231.53656,231.63556,231.68056,231.65857,231.98157,232.25056,232.29356,232.31256
233.05356,232.82756,232.66856,232.23557,231.94957,231.52856,231.43456,231.43156,231.68456,232.05756,232.25256,232.15157,232.07056,231.98656,232.00957,232.09056,232.15356,232.21857,232.29956,232.35556,232.39557,232.38657,232.43956,232.51157,232.38956,232.07156,231.65157,231.40656,231.45856,231.63057,231.79857,232.05257,232.36557,232.75256,232.85956,232.22856,231.91257,231.61856,231.63457,231.86656,231.99756,231.94057,231.76656,231.53156,231.41257,231.21556,231.34756,231.47156,231.47456,231.35556,231.33356,231.28256,231.29756,231.45757,231.58556,231.71156,232.02756,232.28456,232.36256,232.30856
233.03656,233.10156,232.85756,232.67957,232.42757,232.12656,231.87956,231.62956,231.60556,231.68756,232.00456,232.20757,232.00256,231.95256,231.76056,231.84357,231.96956,232.18356,232.21857,232.32857,232.39056,232.37856,232.37456,232.33656,232.26756,232.03357,231.70157,231.33556,231.10857,231.25256,231.41756,231.63457,231.79756,232.03357,232.33156,232.21156,231.71457,231.35556,231.58356,231.87256,231.89656,231.97957,231.77657,231.68156,231.54456,231.32256,231.17656,231.19057,231.18056,231.25757,231.12056,231.15356,231.24356,231.36557,231.53456,231.63857,231.80656,232.04556,232.20056,232.28156
233.54956,233.51056,233.33257,233.26857,233.09357,232.74356,232.42957,232.21857,231.98756,231.87756,231.82156,231.96556,232.01157,231.94856,231.86456,231.67357,231.60156,231.74457,231.91156,231.94057,231.91956,231.85457,231.75156,231.72356,231.75156,231.80656,231.79356,231.52856,231.42557,231.20656,231.14656,231.29956,231.44057,231.64557,231.76456,231.79956,231.83556,231.48157,231.60657,231.92056,231.90857,231.95656,231.78856,231.61356,231.55057,231.41057,231.25056,231.32857,231.18156,231.14357,231.20956,231.24457,231.24156,231.35156,231.51556,231.63756,231.71356,231.83456,231.95456,232.06157
233.75456,233.77457,233.76357,233.83556,233.78456,233.62956,233.42856,233.13257,232.86356,232.66257,232.42557,232.20056,232.11057,232.23357,232.08556,232.01556,231.93857,231.72057,231.58856,231.50456,231.37856,231.33356,231.34357,231.34656,231.40956,231.49457,231.69556,231.73557,231.77057,231.82256,231.32056,231.09956,231.17357,231.27457,231.46556,231.39156,231.46156,231.50356,231.34756,231.73456,231.83156,231.89357,231.96857,231.84256,231.47856,231.32756,231.29156,231.45157,231.51357,231.32156,231.19856,231.22256,231.27756,231.38356,231.50456,231.63156,231.70157,231.82756,231.94856,232.01556
233.99956,233.87456,234.00156,233.83057,233.75656,233.74457,233.66556,233.44556,233.15756,232.95456,232.77257,232.59456,232.55656,232.60657,232.67856,232.56557,232.46956,232.24556,231.82356,231.33957,231.04956,230.98656,230.99956,231.15157,231.22057,231.15356,231.29156,231.43657,231.42456,231.58656,231.66257,231.10556,231.04756,231.07956,231.08257,231.08556,231.04156,231.18657,231.11057,231.11957,231.52457,231.61356,231.52356,231.64557,231.61557,231.33356,231.18056,231.26456,231.43756,231.31956,231.19156,231.20656,231.28357,231.38756,231.47856,231.56357,231.67157,231.80556,231.90157,231.94456
233.90556,233.92656,233.78456,233.54056,233.41556,233.09357,233.02057,232.85457,232.75456,232.49657,232.42056,232.41156,232.21457,232.48856,232.68356,232.81956,232.59656,232.15556,231.90956,231.64656,231.22556,230.84656,230.76556,231.00156,231.10457,230.85556,230.82457,230.79956,230.92656,231.19156,231.58556,231.54657,231.21156,231.00757,231.04356,231.02556,230.88657,230.92056,230.89957,230.72456,230.97757,231.19456,231.25156,231.17357,231.06656,231.06757,231.13257,231.24356,231.15956,231.12956,230.97057,230.96056,231.07457,231.17357,231.28256,231.40056,231.54956,231.62856,231.64656,231.68456
232.77556,232.84357,232.77856,232.72757,232.57256,232.34557,231.79857,231.54657,231.70056,231.59456,231.52756,231.67957,231.68657,231.49956,231.95557,232.35756,231.99857,231.43356,231.09656,230.91457,231.02556,231.01357,230.82956,230.88956,230.72256,230.54056,230.56256,230.48557,230.50957,230.83057,231.29456,231.34456,231.33755,231.09956,230.97356,231.05057,231.13057,230.92157,230.88057,230.75456,230.67557,230.75957,230.96857,231.06256,231.04356,231.00957,231.02156,231.04756,231.05257,230.95157,230.83856,230.79356,230.83057,230.93356,231.10257,231.23756,231.28056,231.28557,231.37357,231.38857
231.39357,231.48456,231.48256,231.33156,231.29756,231.16956,230.97556,230.43356,230.27856,230.42157,230.34756,230.28256,230.50557,230.67856,230.71956,231.00957,231.20856,230.95656,230.74857,230.68756,230.40756,230.16556,230.37357,230.63257,230.53856,230.12856,229.93056,230.04256,230.00856,230.38356,230.96457,230.86957,230.81357,231.21356,231.03656,230.96356,231.06557,231.16356,231.03656,230.90556,230.79056,230.68956,230.53757,230.71056,230.95856,230.98656,230.95956,230.88356,230.84056,230.83856,230.77956,230.79857,230.83257,230.79956,230.86156,230.91956,230.98756,231.03056,231.08656,231.06157
230.26157,230.42357,230.64856,230.73756,230.65056,230.52457,230.28957,229.67957,228.89957,228.90056,228.84557,228.72757,228.52356,228.77156,229.10457,229.18556,229.23856,229.52356,229.82056,230.05257,229.85156,229.97057,230.07857,230.15157,229.87357,229.67957,229.42357,229.44456,229.54956,229.84656,230.29556,230.55856,230.26157,230.37556,230.68756,230.81157,230.88257,231.04456,231.14056,231.16956,231.04756,230.96556,230.77856,230.58156,230.55057,230.70256,230.86057,231.00557,231.13156,231.17357,231.02257,230.95157,230.84557,230.79556,230.75957,230.76056,230.78557,230.84357,230.90456,230.96255
229.12256,229.12056,229.18756,229.39357,229.51157,229.52956,229.40656,228.97757,228.16956,227.71756,227.49657,227.37956,227.03957,226.95256,227.17856,227.22757,227.54456,228.00156,228.42957,228.85756,229.23157,229.18857,229.05856,229.03957,229.13156,229.11057,228.94856,228.90056,229.07356,229.30257,229.89456,230.17757,230.00256,229.87856,230.12056,230.38556,230.57056,230.73656,230.97556,231.25256,231.27057,231.16156,231.04056,230.86957,230.70256,230.56256,230.54456,230.80457,230.84656,230.93556,231.12357,231.04756,230.82657,230.62357,230.50557,230.49756,230.54657,230.60457,230.63257,230.67357
227.79956,228.05356,228.35356,228.66856,228.90456,228.90756,228.58456,228.06856,227.23357,226.35756,226.01556,226.20056,226.17056,225.97556,226.08156,225.99156,226.15456,226.87956,227.56157,228.00456,228.46756,228.52156,228.55257,228.54657,228.50356,228.38657,228.31956,228.25856,228.46255,228.61256,229.13156,229.71756,229.86356,229.72456,229.70256,229.88857,230.23956,230.50456,230.58957,230.94856,231.14156,231.13556,231.15857,231.00456,230.72456,230.55756,230.44057,230.33856,230.37456,230.40556,230.40756,230.49257,230.38956,230.28757,230.25056,230.25656,230.29256,230.36856,230.40556,230.40056
227.19057,227.34557,227.44456,227.54657,227.72757,227.83755,227.69057,227.23557,226.61456,225.91156,225.34456,225.02657,225.05856,225.12656,225.35756,225.55556,225.78456,226.07756,226.69856,227.44656,227.87756,227.86656,227.92357,227.88356,227.75957,227.80656,227.75456,227.64557,227.77257,228.00356,228.41156,228.99756,229.15157,229.28056,229.47957,229.69257,229.90356,230.22757,230.49257,230.70456,230.81256,230.99457,230.93056,230.78256,230.57857,230.27556,230.00256,229.83356,229.78957,229.82657,229.85756,229.87656,229.91656,229.95856,230.00356,230.06157,230.04256,229.99556,230.00856,229.96056
226.47957,226.44257,226.30356,226.15556,226.07356,226.14256,226.14256,226.01756,225.90656,225.59357,225.31557,224.98557,224.75957,224.77856,224.75757,224.95757,225.35756,225.83957,226.47456,226.93556,227.32657,227.44456,227.20157,227.03557,227.07457,227.23956,227.33856,227.04356,226.97256,227.29056,227.66156,228.11757,228.40157,228.61757,228.88956,229.17757,229.56656,229.94456,230.27657,230.53957,230.74556,230.72757,230.49057,230.31757,230.05656,229.78656,229.52057,229.38356,229.32256,229.32156,229.30656,229.29956,229.32356,229.40656,229.51656,229.60556,229.63257,229.63956,229.54857,229.44957
225.63057,225.45357,225.33656,225.34756,225.22556,225.09456,225.00557,224.99156,224.94957,224.84157,224.75256,224.50056,224.32056,224.30156,224.22156,224.22856,224.56557,224.97856,225.73357,226.27057,226.47957,226.56557,226.48956,226.35356,226.34056,226.51357,226.73357,226.51756,226.34756,226.48656,226.88756,227.22656,227.48756,227.76857,228.12456,228.48456,228.80457,229.27856,229.69957,229.97456,229.98056,229.76157,229.56856,229.52956,229.45757,229.29056,229.04256,228.86156,228.82056,228.84656,228.87756,228.90656,228.93556,228.96956,229.03156,229.09856,229.15556,229.15556,229.21556,229.18956
224.70357,224.49756,224.41656,224.43956,224.37456,224.22057,224.15056,223.99857,224.10056,224.18256,224.22556,224.11356,223.86656,223.67357,223.54556,223.29456,223.61757,224.20256,224.92056,225.15656,225.42157,225.56056,225.73656,225.88257,225.85756,226.00557,226.10857,225.91457,225.75456,225.80556,226.18657,226.51456,226.72456,226.89156,227.13356,227.42357,227.79956,228.33755,228.81056,228.97156,228.76456,228.52856,228.34357,228.25656,228.21255,228.18356,228.11256,228.01756,227.99356,228.04056,228.14856,228.23956,228.25656,228.24756,228.25856,228.29657,228.35156,228.42056,228.49057,228.48357
