metero/data/temporary.json
{"header": { "discipline":0, "disciplineName":"Meteorological products", "gribEdition":2, "gribLength":39557, "center":38, "centerName":"Beijing (RSMC)", "subcenter":0, "refTime":"2014-04-24T12:00:00.000Z", "significanceOfRT":1, "significanceOfRTName":"Start of forecast", "productStatus":0, "productStatusName":"Operational products", "productType":1, "productTypeName":"Forecast products", "productDefinitionTemplate":0, "productDefinitionTemplateName":"Analysis/forecast at horizontal level/layer at a point in time", "parameterCategory":0, "parameterCategoryName":"Temperature", "parameterNumber":0, "parameterNumberName":"Temperature", "parameterUnit":"K", "genProcessType":2, "genProcessTypeName":"Forecast", "forecastTime":3, "surface1Type":100, "surface1TypeName":"Isobaric surface", "surface1Value":25000.0, "surface2Type":255, "surface2TypeName":"Missing", "surface2Value":0.0, "gridDefinitionTemplate":0, "gridDefinitionTemplateName":"Latitude_Longitude", "numberPoints":64800, "shape":6, "shapeName":"Earth spherical with radius of 6,371,229.0 m", "gridUnits":"degrees", "resolution":48, "winds":"true", "scanMode":64, "nx":360, "ny":180, "basicAngle":0, "lo1":0.0, "la1":-90.0, "lo2":359.0, "la2":90.0, "dx":1.0, "dy":1.0 }, "data":
[rows 0 to 25 of 180, columns 180 to 239 of 360]
232.57657,232.33656,232.28456,232.11656,232.07956,232.05257,231.98856,231.87856,231.85857,231.93256,231.91956,231.67256,231.35257,231.32056,231.36557,231.48856,231.63057,231.80156,231.94356,231.95056,231.90756,231.85257,231.86557,231.87656,231.87157,231.95056,232.28357,232.56056,232.81157,233.14557,233.13257,232.95656,232.61456,232.48856,232.47456,232.39357,232.35457,232.50356,232.64256,232.82457,232.91156,232.81656,232.63356,232.57256,232.61256,232.68256,232.72256,232.62256,232.57056,232.58957,232.56056,232.48056,232.37756,232.20456,232.12157,232.13057,232.17256,232.26056,232.36256,232.39357
232.22057,232.15356,232.07356,232.06157,232.04657,231.90556,231.91057,231.87157,231.68857,231.53856,231.44556,231.36156,231.28957,231.26956,231.24156,231.25256,231.36356,231.60356,231.90956,232.08057,231.99257,231.93256,231.96457,231.99756,231.96556,232.00156,232.24356,232.59456,232.71056,232.96056,233.18756,233.04556,232.74057,232.49857,232.42056,232.40756,232.46457,232.56357,232.74657,232.94456,233.16656,232.96156,232.72156,232.67757,232.63657,232.58257,232.59456,232.59956,232.57256,232.63956,232.65756,232.60756,232.54256,232.39557,232.24857,232.17056,232.21356,232.23256,232.27257,232.28656
231.98856,231.87456,231.84557,231.66057,231.66457,231.73256,231.66856,231.58257,231.44456,231.32857,231.22356,231.15756,231.21457,231.25656,231.25256,231.26956,231.32356,231.52156,231.84157,232.08957,232.19156,232.10356,232.09856,232.14957,232.18456,232.18657,232.30756,232.58755,232.78256,232.96356,233.08755,233.04156,232.94556,232.76656,232.66556,232.63057,232.62357,232.63257,232.78957,232.99756,233.13657,233.11156,232.79256,232.66156,232.55156,232.50557,232.52457,232.62956,232.66956,232.78757,232.85457,232.79857,232.70157,232.59756,232.53656,232.45157,232.32956,232.21056,232.19957,232.22957
231.60756,231.77356,231.68056,231.46657,231.37756,231.32857,231.17557,231.13156,231.16057,231.10756,231.11957,231.15556,231.18156,231.26357,231.25856,231.26756,231.36757,231.54156,231.76756,231.99057,232.17757,232.25957,232.22156,232.21657,232.28656,232.37556,232.44656,232.62157,232.80156,232.95357,232.98056,233.02756,233.07356,233.04556,232.97256,232.91956,232.85156,232.78557,232.83957,233.00757,233.06656,232.96857,232.84456,232.76456,232.61757,232.59756,232.58556,232.63257,232.73456,232.89957,232.98756,232.98557,232.89456,232.84956,232.78256,232.61156,232.41356,232.21657,232.24857,232.23557
231.18857,231.27356,231.28656,231.26857,231.06256,230.97256,230.72556,230.65656,230.80057,230.95157,231.07556,231.14256,231.15756,231.18556,231.19156,231.17856,231.26756,231.49657,231.67056,231.86356,232.04456,232.14456,232.27057,232.28757,232.37256,232.47957,232.55356,232.61757,232.73157,232.88657,233.02756,233.12856,233.17757,233.18256,233.10556,233.06456,233.01456,233.00557,233.01357,233.04956,233.09157,232.93456,232.91356,232.83856,232.64957,232.61356,232.63556,232.68156,232.80756,232.94356,233.00356,233.06456,233.00656,232.94556,232.93256,232.67656,232.48756,232.26456,232.24956,232.33957
231.37256,231.24356,231.20357,231.09157,230.80457,230.66156,230.71857,230.59456,230.66356,230.89256,231.09756,231.24356,231.29156,231.22556,231.18256,231.11557,231.13857,231.37357,231.61256,231.80356,231.89856,232.03957,232.13156,232.33556,232.47656,232.56357,232.55556,232.58755,232.66156,232.78557,232.91656,232.97656,232.92557,232.97456,232.98157,232.98456,233.11156,233.06157,233.03856,233.03357,233.06157,233.01756,232.87756,232.88257,232.60457,232.46356,232.50356,232.67957,232.81656,232.90956,232.93456,232.96657,232.82657,232.84056,232.84157,232.77257,232.65356,232.41656,232.16156,232.20157
231.44257,231.48357,231.37256,231.26456,230.94656,230.79456,230.71857,230.69756,230.65756,230.89456,231.10857,231.30257,231.31757,231.18456,231.16656,231.10756,231.11057,231.21457,231.36757,231.54256,231.69556,231.90656,232.03456,232.22957,232.34856,232.49156,232.57756,232.57356,232.58456,232.69156,232.86156,232.97856,232.85857,232.92957,232.96255,233.01357,232.86957,232.86557,232.90157,232.80257,232.68256,232.87056,232.87656,232.70157,232.58755,232.43657,232.40656,232.46255,232.52657,232.56456,232.65456,232.78656,232.89357,232.85356,232.82356,232.75056,232.70956,232.54456,232.27257,232.13257
231.31656,231.49657,231.57857,231.54956,231.32857,230.94456,230.71255,230.69456,230.72957,230.85156,231.09557,231.24857,231.20456,231.13556,231.09357,231.21857,231.18156,231.30257,231.43956,231.58656,231.72757,231.86456,232.00656,232.15857,232.19656,232.27156,232.45757,232.55257,232.51157,232.65256,232.72057,232.61057,232.71657,232.78957,232.84656,232.84357,232.84157,232.75456,232.89056,232.64757,232.49356,232.63057,232.66856,232.65556,232.45856,232.37956,232.31056,232.24556,232.43356,232.48256,232.51656,232.70956,232.97757,233.06357,233.00757,232.90456,232.75656,232.59557,232.39557,232.28357
231.20856,231.34056,231.30756,231.29256,231.11557,230.91656,230.80057,230.72757,230.75456,230.74756,230.96457,231.18256,231.17256,231.17256,231.14656,231.31056,231.47356,231.49657,231.57956,231.71356,231.82056,231.90456,231.94556,232.10457,232.18956,232.31056,232.36856,232.36156,232.39656,232.41656,232.45056,232.38556,232.31456,232.23157,232.30257,232.39256,232.60756,232.68356,232.74356,232.62856,232.55156,232.55156,232.55057,232.51956,232.44756,232.34157,232.40056,232.51256,232.60356,232.67157,232.70157,232.80556,233.04456,233.23056,233.23357,233.12357,232.99257,232.73557,232.43456,232.28256
230.98056,231.09357,231.04956,230.98056,230.76157,230.69456,230.59656,230.54456,230.63057,230.74756,230.86356,231.05556,231.20157,231.07756,231.10156,231.27856,231.45357,231.61656,231.66956,231.77657,231.66756,231.78957,231.87056,231.94257,232.07356,232.20757,232.28557,232.25856,232.31256,232.37856,232.25156,232.22656,231.95357,231.87456,231.94756,232.04556,232.29156,232.43857,232.46255,232.61256,232.62456,232.61356,232.52756,232.43956,232.56557,232.67957,232.53557,232.38356,232.49156,232.68556,232.72156,232.83856,232.92757,233.03256,233.22256,233.26157,233.18956,233.09357,232.79456,232.36456
230.72256,230.73656,230.68256,230.68857,230.80756,230.71756,230.49257,230.40556,230.24857,230.46956,230.67957,230.83156,230.89757,230.97856,230.97356,231.12456,231.39056,231.40556,231.61957,231.67656,231.64156,231.73157,231.79657,231.84656,231.97856,231.94156,232.06557,232.03656,231.94556,231.84456,231.76157,231.68456,231.55856,231.66556,231.71657,231.76056,231.79956,231.97356,232.11156,232.19156,232.48157,232.61356,232.51556,232.46156,232.44856,232.34557,232.09256,232.14757,232.16457,232.20956,232.35356,232.34056,232.49956,232.78856,233.09557,233.37256,233.47156,233.36256,233.23756,233.02956
230.20256,230.42656,230.59656,230.67456,230.86856,230.97656,230.77556,230.37756,230.22057,230.13057,230.38257,230.64557,230.81656,230.93456,230.97456,231.05756,231.32457,231.31157,231.39256,231.55956,231.53357,231.62456,231.58755,231.62856,231.73856,231.70256,231.87256,231.78957,231.73456,231.71657,231.53757,231.40456,231.32956,231.47256,231.59656,231.54456,231.56157,231.59856,231.74156,231.92957,232.04456,232.03156,232.09756,232.05257,232.00056,231.97156,232.03656,231.98157,232.16656,232.19356,232.22356,232.32556,232.54256,232.87656,233.26756,233.33856,233.44957,233.48056,233.38556,233.37357
229.56856,229.87556,230.18956,230.44257,230.72656,231.01157,231.19556,231.14056,230.90056,230.62856,230.45656,230.50856,230.72757,230.89456,231.02457,231.03456,231.14757,231.19957,231.09956,231.11356,231.19656,231.12956,231.09056,231.30457,231.50056,231.60657,231.79657,231.60457,231.78156,231.70357,231.65157,231.51656,231.36256,231.44856,231.44856,231.43756,231.46457,231.49356,231.48157,231.60556,231.58156,231.84956,231.80656,231.69356,231.74857,231.97256,232.02756,232.10356,232.25957,232.25757,232.38257,232.55057,232.67256,232.87056,233.05556,233.02257,233.28656,233.33656,233.47656,233.23557
229.18256,229.34357,229.64357,229.93657,230.12656,230.36456,230.50256,230.70056,230.88356,230.94856,230.96457,230.87456,230.80257,230.76056,230.85156,230.87556,230.94756,230.98056,230.88057,230.75856,230.63057,230.59157,230.78357,230.85257,231.21756,231.25856,231.26056,231.38356,231.52756,231.65256,231.61557,231.56357,231.48056,231.46556,231.39056,231.31456,231.17157,231.24657,231.31956,231.42256,231.56856,231.62956,231.63956,231.67056,231.76256,232.03656,232.21857,232.36557,232.61656,232.65556,232.57056,232.71156,232.96156,233.01256,233.09056,233.21056,233.48157,233.61057,233.70856,233.60556
228.77457,228.81557,228.83456,228.95357,229.17456,229.36156,229.33257,229.40857,229.56357,229.83356,230.31956,230.69456,230.92656,230.86256,230.75056,230.75856,230.79256,230.79956,230.84756,230.74956,230.61656,230.48056,230.40556,230.38857,230.60657,230.94756,231.13457,231.15356,231.18456,231.31856,231.41956,231.33856,231.48357,231.52057,231.36356,231.14557,231.00557,230.97057,231.05457,231.13556,231.25456,231.38657,231.41656,231.63257,231.88556,232.05457,232.26056,232.54256,232.72856,232.89357,232.99756,233.02956,233.07556,233.12956,233.24356,233.48956,233.72957,233.89757,233.88356,233.81557
228.04456,228.14056,228.29156,228.34157,228.39256,228.54956,228.68456,228.65056,228.78856,229.06757,229.32556,229.66656,230.07657,230.58856,230.77956,230.83456,230.87756,230.93456,230.95357,230.79456,230.67357,230.50957,230.35556,230.23956,230.17056,230.20456,230.44957,230.58356,230.61656,230.73056,231.01956,231.28757,231.18056,231.03557,231.06656,230.98856,230.79356,230.67256,230.70256,230.77657,230.97156,231.21956,231.39656,231.62556,231.95856,232.17557,232.29956,232.40456,232.55556,232.77556,233.03056,233.21356,233.30356,233.34856,233.35857,233.32556,233.44156,233.70757,233.92856,234.10956
227.58057,227.52257,227.51456,227.64856,227.70357,227.75056,227.83656,227.99356,228.13457,228.24156,228.57857,228.88156,229.17856,229.50856,229.75056,229.79657,229.89357,230.15756,230.32356,230.45456,230.50456,230.42856,230.37256,230.22656,230.11957,230.09456,229.91057,229.81456,229.88457,229.97057,230.04456,230.11456,230.24857,230.37157,230.46556,230.48756,230.39256,230.32256,230.35857,230.46857,230.65556,230.93156,231.18556,231.38057,231.54756,231.73557,231.84456,231.94257,232.07457,232.31056,232.64557,232.94656,233.14757,233.22556,233.26556,233.30156,233.37556,233.38057,233.59157,233.78056
227.53156,227.31856,227.21857,227.25757,227.23256,227.10956,227.11356,227.08856,227.08257,227.21857,227.51956,227.90756,228.08656,228.32756,228.53357,228.73856,228.80356,228.77356,228.81656,229.05057,229.28357,229.51256,229.51656,229.45656,229.55656,229.63756,229.62357,229.55756,229.51857,229.55457,229.61656,229.72957,229.74556,229.68156,229.56956,229.52356,229.60657,229.68857,229.77556,229.94556,230.23456,230.55156,230.85556,230.98956,231.10156,231.18356,231.22156,231.33556,231.53656,231.81357,232.09357,232.40857,232.67157,232.81856,232.93456,232.94556,232.85756,232.76656,232.69856,232.71356
227.66556,227.50656,227.30057,227.15256,227.00256,227.00256,226.69257,226.50656,226.45757,226.45256,226.56557,226.81856,227.03856,227.21457,227.41457,227.58156,227.75356,227.94156,228.07156,228.21156,228.48456,228.67157,228.72456,228.73056,228.83057,229.00656,229.11356,229.20456,229.35056,229.49057,229.59256,229.54857,229.47456,229.34157,229.23856,229.05956,228.84856,228.94356,229.10556,229.33356,229.50056,229.69656,229.94456,230.11156,230.22556,230.35556,230.45357,230.70256,230.97256,231.21657,231.40356,231.65456,231.94556,232.08257,232.06557,231.84856,231.58456,231.37056,231.34456,231.36057
227.60056,227.35956,227.11957,226.95056,226.77756,226.80457,226.62056,226.28656,226.09256,225.93956,225.90056,225.79056,225.67856,225.61957,225.76056,226.08456,226.41156,226.62456,226.81856,227.04456,227.37456,227.65556,227.78456,227.83755,228.07256,228.35056,228.53357,228.80156,229.07256,229.21156,229.29056,229.24457,229.05856,228.77657,228.50557,228.46255,228.39957,228.26857,228.18256,228.12956,228.28656,228.52457,228.63156,228.70056,228.80556,229.01357,229.17856,229.28856,229.61557,229.99457,230.36856,230.79056,231.00456,230.93256,230.51157,230.04556,229.88756,229.87256,229.89856,230.09456
227.09056,226.81656,226.47057,226.07657,225.77457,225.50356,225.22456,225.01357,224.95856,225.02657,225.02556,225.00056,225.02556,225.19456,225.32556,225.45557,225.72856,226.00656,226.18456,226.29456,226.36057,226.47256,226.61656,226.80057,227.15956,227.61156,227.93056,228.33156,228.68056,228.88556,228.91656,228.66356,228.44456,228.03757,227.73557,227.62956,227.58156,227.65956,227.62556,227.17856,226.96956,227.10657,227.33556,227.53156,227.77257,227.92357,227.94656,228.03357,228.33755,228.79556,229.25856,229.55656,229.80656,229.50456,228.85257,228.59557,228.44756,228.49657,228.81357,229.02856
226.22456,225.92757,225.45056,225.02156,224.77756,224.73856,224.57956,224.34956,224.28757,224.27457,224.23557,224.23956,224.32356,224.48357,224.71457,224.94356,225.17957,225.45056,225.67957,225.80057,225.85857,225.88556,225.94257,226.12856,226.41756,226.88756,227.40456,227.90857,228.23056,228.31557,228.14757,227.66556,227.34557,227.03357,226.83257,226.61757,226.45956,226.47057,226.38156,226.18657,226.27856,226.42157,226.54857,226.76456,226.89757,227.00056,227.06956,227.10257,227.25557,227.58755,227.88356,228.07956,228.24156,228.11557,227.85556,227.54456,227.47156,227.67256,227.80257,227.70856
225.63156,225.19957,224.76956,224.58156,224.49756,224.37357,224.33057,224.26357,224.18356,224.09256,224.04556,224.09557,224.24657,224.51157,224.79657,225.02756,225.22156,225.41156,225.51256,225.46956,225.37456,225.17757,225.18857,225.22256,225.31256,225.66956,226.17957,226.87157,227.56056,227.75056,227.37956,226.66656,226.10356,225.83856,225.63156,225.44057,225.32956,225.37956,225.46657,225.47356,225.55656,225.65656,225.80257,225.89456,225.94456,226.12056,226.18156,226.17557,226.27156,226.64557,226.97356,227.04556,227.03357,227.06557,226.98157,226.80156,226.79456,226.84956,226.77756,226.94156
225.49956,224.95557,224.41656,224.15556,224.10257,224.01056,223.94556,223.98557,223.86557,223.69756,223.61957,223.72356,223.89557,224.09856,224.32756,224.58755,224.82256,224.92656,224.65656,224.19957,223.97156,223.89456,223.78156,223.78456,224.08156,224.27457,224.81256,225.86356,226.55457,226.91457,226.60056,225.83156,225.31056,224.89256,224.61057,224.48856,224.44356,224.51256,224.63156,224.73456,224.79657,224.87357,224.93857,225.05956,225.23157,225.37456,225.45256,225.47456,225.84357,226.37656,226.60857,226.71556,226.66057,226.41956,226.12357,226.13257,226.16057,226.00656,226.04056,226.37256
225.57756,224.97957,224.30257,223.71255,223.41656,223.35156,223.30656,223.19957,223.01256,222.92056,223.01756,223.26357,223.48756,223.62456,223.69356,223.82657,223.97057,223.95256,223.75456,223.34256,222.87856,222.69957,222.67357,222.75656,222.82556,222.89557,223.64957,224.64256,225.08156,225.40256,225.41756,224.99156,224.46156,224.25156,224.17456,224.06856,223.95456,223.88857,223.91756,224.00856,224.13756,224.31157,224.42557,224.48557,224.55956,224.72856,224.92256,225.31357,225.88756,226.24457,226.47656,226.43456,226.19257,225.95456,225.58556,225.53757,225.51956,225.27856,225.37157,225.64056
225.68356,225.31357,224.63956,224.02657,223.40256,223.09256,223.02657,222.92357,222.86557,222.87956,222.96356,223.00557,223.05057,223.06256,223.02657,223.15456,223.30156,223.34456,223.25156,222.95656,222.61557,222.40157,222.23856,222.12656,222.26357,222.39757,222.55956,223.10657,223.66356,223.89456,223.91856,223.96356,223.99057,223.83156,223.67056,223.55156,223.48056,223.41856,223.37756,223.56557,223.85756,224.05057,224.14357,224.19856,224.32356,224.58156,224.99857,225.48456,225.89256,226.06357,225.96457,225.94656,225.87856,225.64757,225.22156,225.04956,225.00757,224.86757,224.74657,224.74257
