metero/data/temporary.json
{"header": { "discipline":0, "disciplineName":"Meteorological products", "gribEdition":2, "gribLength":39557, "center":38, "centerName":"Beijing (RSMC)", "subcenter":0, "refTime":"2014-04-24T12:00:00.000Z", "significanceOfRT":1, "significanceOfRTName":"Start of forecast", "productStatus":0, "productStatusName":"Operational products", "productType":1, "productTypeName":"Forecast products", "productDefinitionTemplate":0, "productDefinitionTemplateName":"Analysis/forecast at horizontal level/layer at a point in time", "parameterCategory":0, "parameterCategoryName":"Temperature", "parameterNumber":0, "parameterNumberName":"Temperature", "parameterUnit":"K", "genProcessType":2, "genProcessTypeName":"Forecast", "forecastTime":3, "surface1Type":100, "surface1TypeName":"Isobaric surface", "surface1Value":25000.0, "surface2Type":255, "surface2TypeName":"Missing", "surface2Value":0.0, "gridDefinitionTemplate":0, "gridDefinitionTemplateName":"Latitude_Longitude", "numberPoints":64800, "shape":6, "shapeName":"Earth spherical with radius of 6,371,229.0 m", "gridUnits":"degrees", "resolution":48, "winds":"true", "scanMode":64, "nx":360, "ny":180, "basicAngle":0, "lo1":0.0, "la1":-90.0, "lo2":359.0, "la2":90.0, "dx":1.0, "dy":1.0 }, "data":
[rows 0 to 25 of 180, columns 120 to 179 of 360]
232.37256,232.25856,232.23557,232.30656,232.14757,231.98656,231.81656,231.81357,231.82956,232.03656,232.17656,232.25557,232.40556,232.48157,232.67557,232.84357,232.82457,232.67456,232.63756,232.66356,232.67757,232.80257,232.77956,232.74457,232.66156,232.67656,232.71356,232.88156,232.90956,232.67656,232.49457,232.30956,232.10756,232.05057,231.93256,231.94057,231.81456,231.62456,231.59756,231.69356,231.72156,231.73456,231.64456,231.49657,231.53357,231.64456,231.79256,232.04556,232.22456,232.32056,232.67456,232.83957,232.68056,232.65056,232.70956,232.83156,232.73756,232.81456,232.86156,232.84456
232.37856,232.56757,232.58057,232.41856,232.31456,232.25056,232.02756,232.21255,232.35756,232.33656,232.44356,232.51256,232.62856,232.82956,233.03957,233.15157,233.03156,232.95357,232.98056,233.00256,233.05156,233.04756,233.04056,233.07657,233.06557,232.84956,232.76056,232.87256,232.89156,232.61757,232.41656,232.14256,232.02556,232.00557,231.94856,231.84656,231.70656,231.67757,231.76157,231.87656,231.93956,231.90656,231.75256,231.52457,231.41057,231.48256,231.62956,231.73656,231.84357,231.99756,232.15756,232.31157,232.48956,232.39656,232.37056,232.28757,232.22356,232.25056,232.33057,232.28456
232.42157,232.62656,232.66457,232.57857,232.42256,232.37056,232.46857,232.67157,232.75757,232.67256,232.68756,232.78056,232.86256,233.08755,233.27556,233.33957,233.20157,233.10056,233.18556,233.28357,233.30656,233.22757,233.18556,232.98656,232.80057,232.67856,232.62357,232.77057,232.80956,232.62056,232.34856,232.02356,231.84157,231.82256,231.86256,231.77057,231.73557,231.70256,231.75856,231.72957,231.79456,231.86156,231.81256,231.66956,231.57556,231.56256,231.63857,231.76357,231.88857,231.93256,231.91956,231.99556,231.92157,231.94556,231.85257,231.76656,231.84357,231.95856,232.06856,232.05356
232.45757,232.63257,232.76056,232.72356,232.68256,232.63756,232.69156,232.79256,232.87856,232.84357,232.77156,232.77356,232.91156,233.01157,233.19156,233.29756,233.35457,233.45357,233.55356,233.42656,233.15556,233.11057,233.24257,233.12256,232.98357,232.89156,232.86456,232.87056,232.81456,232.61957,232.40056,232.16356,231.81357,231.80856,231.81656,231.79657,231.79356,231.74356,231.76857,231.69656,231.71156,231.75856,231.65956,231.59056,231.52057,231.49857,231.57956,231.73956,231.72856,231.78957,231.91257,231.89856,231.83656,231.63257,231.49057,231.48157,231.42357,231.42557,231.63457,231.66057
232.47456,232.66057,232.76256,232.66457,232.61256,232.63857,232.71756,232.80756,232.89957,232.88756,232.83456,232.74756,232.70656,232.73856,232.85556,232.96457,233.22656,233.37856,233.27657,233.34056,233.28357,233.28957,233.27856,233.25856,233.15456,232.99156,232.85956,232.73256,232.78056,232.66257,232.42357,232.17456,232.01656,231.93756,231.88657,231.72356,231.76556,231.83156,231.78757,231.72156,231.56157,231.52156,231.48157,231.43956,231.48357,231.48456,231.49657,231.56557,231.54356,231.57457,231.65356,231.64557,231.61856,231.51857,231.35257,231.22656,231.16156,231.25557,231.39156,231.31656
232.50856,232.64757,232.61356,232.52657,232.58856,232.65056,232.76157,232.83257,232.80257,232.82857,232.76157,232.56656,232.45456,232.55756,232.66956,232.82857,232.97057,233.04056,233.09157,233.05457,233.01157,233.00156,233.03156,232.97156,232.93356,232.91057,232.84856,232.82857,232.81856,232.79857,232.48557,232.27356,232.10257,231.85956,231.83356,231.75256,231.85756,231.98056,231.88956,231.84456,231.64856,231.50856,231.42557,231.35156,231.41856,231.47957,231.30656,231.35356,231.46857,231.49257,231.41856,231.38057,231.43156,231.45157,231.31456,231.27756,231.22556,231.19456,231.27257,231.41656
232.67157,232.63556,232.52057,232.51956,232.63857,232.79956,232.72957,232.74556,232.80457,232.77156,232.75456,232.58156,232.37157,232.32556,232.50757,232.77057,232.91856,232.85756,232.80556,232.81956,232.83755,232.80656,232.87256,232.73956,232.60657,232.55656,232.64957,232.85756,233.14056,233.21756,232.84256,232.50356,232.15556,231.90456,231.89957,231.94656,232.01157,231.98357,231.88156,231.88956,231.70856,231.51556,231.48456,231.51456,231.42557,231.61656,231.52756,231.27156,231.33356,231.33057,231.39256,231.36656,231.23656,231.27556,231.23456,231.33057,231.33957,231.34256,231.24057,231.23256
232.80457,232.80156,232.74257,232.77057,232.59656,232.73256,232.62357,232.66356,232.73357,232.76456,232.69957,232.63756,232.51756,232.41756,232.42456,232.57756,232.68956,232.58656,232.64557,232.61856,232.67157,232.75356,232.75356,232.72256,232.69057,232.68056,232.83656,232.99857,233.14757,233.05656,232.68657,232.36356,232.26056,232.05856,231.95157,231.80156,231.97556,231.88257,231.86256,231.72957,231.67357,231.50656,231.61757,231.66656,231.77657,231.85356,231.82256,231.59656,231.41156,231.51456,231.48656,231.22156,231.10457,231.05556,230.94756,230.96356,231.13257,231.24556,231.29256,231.29956
233.00156,232.92456,232.80156,232.73756,232.82857,232.79857,232.76556,232.74956,232.76357,232.82956,232.75856,232.67157,232.62456,232.44156,232.45256,232.49457,232.49857,232.51357,232.40556,232.44456,232.54857,232.63356,232.67357,232.72256,232.84157,232.89456,233.02156,233.16756,233.20856,233.05656,232.85056,232.65356,232.54056,232.21556,231.93456,231.91057,232.02457,231.93456,231.86557,231.79256,231.81656,231.67957,231.49057,231.61356,231.86656,231.95856,232.08656,231.99857,231.85056,231.91856,231.83656,231.42456,231.04456,230.83257,230.69456,230.69856,230.74556,230.84256,230.93756,231.09357
233.02156,233.03456,232.94356,232.92557,232.96657,232.86957,232.92557,232.93156,232.84456,232.88556,232.78056,232.62956,232.53957,232.47456,232.34956,232.36656,232.42056,232.35756,232.38257,232.37756,232.39056,232.42757,232.52156,232.56757,232.74756,232.76157,232.85356,232.96556,232.95456,233.02156,232.96356,232.76956,232.61757,232.35956,232.10457,232.13356,232.15256,232.02257,232.09256,231.97456,231.91656,231.72757,231.65356,231.80956,231.93256,231.89156,231.95757,231.96356,232.16556,232.30756,232.29256,231.93356,231.45856,231.08057,230.66356,230.49257,230.36557,230.28656,230.51556,230.70357
233.01256,233.06157,233.08556,233.06656,233.07956,232.97856,233.00757,233.02156,232.94756,232.88257,232.75056,232.58356,232.49356,232.43956,232.44856,232.49257,232.47957,232.40756,232.29657,232.31656,232.27257,232.31056,232.47057,232.46756,232.56256,232.51956,232.66257,232.87956,232.97156,232.94456,232.88657,232.70757,232.57056,232.33856,232.37656,232.27457,232.14856,232.10257,231.96556,231.89656,231.77657,231.61856,231.74356,231.85556,231.95157,231.91756,231.77356,231.81656,231.98256,232.19856,232.13156,231.87056,231.57756,231.10857,230.51756,230.13756,230.09656,230.15456,230.25456,230.50056
232.95656,232.87056,233.04056,233.19057,233.26756,233.19957,233.08057,233.06557,233.06757,232.88857,232.71956,232.69456,232.62656,232.44257,232.44556,232.47757,232.42656,232.36957,232.21356,232.10556,232.07556,232.14957,232.31757,232.45157,232.62256,232.45757,232.45456,232.65456,232.73357,232.76157,232.73856,232.63556,232.42357,232.28456,232.13257,232.03757,232.08656,232.03757,231.99356,231.84956,231.69856,231.57356,231.59656,231.69656,231.72656,231.58057,231.49956,231.52356,231.63356,231.78256,231.82356,231.83755,231.52356,230.86957,230.39056,230.24057,230.10257,229.92256,229.92557,229.97957
232.85556,232.96156,233.09357,233.17157,233.20656,233.24356,233.14456,233.09956,233.09557,233.11656,232.91856,232.82356,232.72156,232.55356,232.48956,232.45656,232.30556,232.14856,232.07356,232.07457,232.00856,232.01756,232.17656,232.30556,232.54857,232.49356,232.52657,232.37656,232.53256,232.53856,232.31757,232.27956,232.14856,231.89056,231.83755,231.83356,231.84256,231.89156,231.83456,231.65356,231.52257,231.42256,231.37656,231.49657,231.49556,231.34357,231.23656,231.26756,231.36456,231.31757,231.38457,231.52756,231.43556,231.00056,230.50757,230.04857,229.85457,229.52556,229.41156,229.37856
233.12556,233.23157,233.18256,232.98157,232.81656,232.76656,232.72856,232.77356,232.80457,232.84956,232.89156,232.78456,232.67456,232.61957,232.62456,232.60657,232.39957,232.19057,231.94156,231.78056,231.88956,231.98856,231.96756,232.10756,232.22856,232.18956,232.14656,232.09956,232.13956,232.21857,232.47757,232.61856,232.48956,232.35956,232.34357,232.23656,232.19556,232.10056,232.03656,231.93657,231.82356,231.63257,231.41556,231.30956,231.20456,231.00856,231.00856,231.07756,231.20157,231.19356,231.24857,231.28357,231.34456,231.20557,230.69856,230.01056,229.44356,229.33156,229.10056,229.04256
233.13457,233.24956,233.40857,233.34357,233.14957,232.92557,232.79456,232.75056,232.75957,232.72856,232.67256,232.52356,232.34056,232.28757,232.38156,232.56557,232.63657,232.59256,232.36557,232.04657,231.74257,231.60756,231.61456,231.62856,231.70956,232.03957,232.01656,231.77856,231.82356,231.87856,231.97256,232.13356,232.17157,232.22556,232.24457,232.25957,232.22757,232.20256,232.24356,232.25456,232.06357,231.68556,231.45256,231.06856,230.68857,230.64056,230.65056,230.73456,230.91457,231.08556,231.25856,231.29056,231.35257,231.20056,230.61557,229.70456,229.12656,228.81956,228.72556,228.68556
232.98256,233.02356,233.25557,233.19957,233.03357,232.93556,232.79356,232.68956,232.58856,232.51956,232.45656,232.42757,232.32056,232.13556,232.05057,232.14656,232.23056,232.51456,232.55556,232.38657,232.06757,231.71056,231.40956,231.32056,231.41257,231.52057,231.64557,231.78357,231.73856,231.59456,231.49657,231.54857,231.69257,231.81056,231.85156,231.93556,232.04756,232.12456,232.11356,232.14656,232.00056,231.58156,231.36156,230.92056,230.55356,230.45656,230.38556,230.54756,230.67557,230.85056,231.14656,231.24556,231.22757,231.04657,230.48956,229.66756,228.74457,228.22256,227.96556,227.94856
232.97656,232.78957,232.78056,232.70157,232.87656,232.91856,232.83755,232.78156,232.75156,232.67957,232.51857,232.35657,232.18657,232.09256,232.00856,231.94456,231.90656,231.87256,232.01357,232.08456,232.14557,231.91057,231.53656,231.28156,231.26357,231.35156,231.42856,231.48557,231.47656,231.45056,231.43756,231.43056,231.33856,231.33656,231.42456,231.53056,231.63057,231.80156,232.00256,232.09056,232.05457,231.80556,231.37956,230.81256,230.70357,230.32457,230.23956,230.38356,230.56056,230.67557,230.83456,230.91057,230.86557,230.69656,230.23456,229.42856,228.61156,228.06956,227.81656,227.66556
233.21255,233.25557,232.88556,232.69656,232.73456,232.88156,232.95256,232.88057,232.84056,232.78856,232.67256,232.49857,232.28056,232.08057,232.01556,231.96556,231.89656,231.77057,231.69656,231.82457,231.87756,231.90157,231.58957,231.29556,231.21255,231.17757,231.25156,231.29156,231.37456,231.40656,231.37056,231.22156,231.19856,231.13356,231.09357,231.20656,231.31856,231.57756,231.69656,231.73956,231.87357,231.68356,231.02556,230.69057,230.79056,230.59656,230.40157,230.35657,230.39357,230.52156,230.60756,230.58257,230.59056,230.44356,229.86456,229.05257,228.52756,228.19756,228.03256,227.80556
233.14456,233.19456,232.95557,232.80257,232.68556,232.75456,232.87856,232.95856,232.96556,232.82556,232.66556,232.51357,232.37456,232.09056,231.95357,232.00156,232.05556,232.00557,231.83057,231.75757,231.71056,231.65056,231.73157,231.59357,231.34756,231.08856,231.03856,231.02057,231.00456,230.95357,231.06357,231.05257,230.90256,230.95856,230.98956,231.08456,231.20157,231.33656,231.36256,231.47057,231.52457,231.35857,230.71956,230.46956,230.54657,230.40056,230.18556,230.19656,230.10857,230.18857,230.26256,230.15656,230.11757,229.91057,229.44556,228.72256,228.23357,228.05756,228.04456,227.90656
233.01956,232.96457,232.95656,232.93556,232.89056,232.84456,232.80457,232.80756,232.77856,232.79356,232.70357,232.45456,232.46657,232.45757,232.48256,232.38556,232.22856,232.19356,232.18356,232.05756,231.88556,231.78856,231.65356,231.55257,231.51357,231.36356,231.24257,231.03357,230.93056,230.88457,230.86557,230.86957,230.99156,230.84656,230.76656,230.86057,230.96756,231.06456,231.16057,231.10657,231.06357,231.20757,230.87956,230.31056,230.35257,230.24356,230.01656,229.79956,229.92157,229.81357,229.81157,229.78757,229.56256,229.26256,228.89656,228.45056,228.05156,227.87157,227.78357,227.65256
232.67656,232.60857,232.46756,232.47356,232.55356,232.65157,232.77457,232.83556,232.83156,232.78256,232.64256,232.54156,232.56357,232.60457,232.83755,232.90356,232.59956,232.33356,232.29556,232.52457,232.46956,232.16856,231.97656,231.82756,231.61156,231.44756,231.26357,231.12357,231.03256,230.93556,230.83257,230.72957,230.63556,230.62656,230.53456,230.55156,230.62056,230.65656,230.81157,230.84456,230.60556,230.65056,230.85657,230.29657,230.15056,230.16656,230.00456,229.68156,229.43657,229.35156,229.27856,229.24756,229.03156,228.80856,228.61856,228.26157,227.99457,227.85156,227.48756,227.20157
231.97356,232.04657,232.04857,232.12956,232.19156,232.31357,232.41556,232.53856,232.62656,232.57657,232.48656,232.64856,232.49156,231.93756,233.15157,233.43256,232.40857,232.70256,232.54857,232.24356,232.42856,232.64757,232.39256,232.18456,232.08257,231.82056,231.58755,231.39256,231.15256,231.06757,231.03056,230.91756,230.65556,230.35956,230.23756,230.19656,230.14456,230.20456,230.24156,230.39656,230.33856,230.05556,230.19856,230.05057,229.81256,229.82756,229.75356,229.57256,229.31656,229.10857,228.95757,228.84756,228.73756,228.27756,228.14056,228.04756,227.88756,227.67256,227.18356,226.55356
231.80856,231.95757,231.92456,232.13057,232.38657,232.51756,232.60156,232.59557,232.42056,232.08556,231.91756,232.32056,232.58156,232.08057,231.01256,232.09056,232.50056,232.09956,232.08755,232.08057,231.82156,231.92656,232.00156,231.61256,231.66756,231.97656,231.96756,231.75256,231.51857,231.19556,230.97656,231.00957,230.96156,230.71857,230.33755,230.01357,229.87056,229.73357,229.69057,229.64357,229.75156,229.67357,229.40756,229.17056,229.14757,229.22656,229.28156,229.28757,229.16856,228.93756,228.75757,228.58257,228.56956,228.31157,227.76456,227.63356,227.60657,227.40556,226.82756,226.21657
232.16257,232.10056,232.08755,232.44957,232.59456,232.72757,232.83257,232.72656,232.34256,231.77556,231.73756,231.78357,231.99556,232.07556,231.69957,230.84256,230.94556,231.00456,230.78056,230.83755,231.50757,231.45357,231.31656,231.33156,231.01456,230.96956,231.38756,231.44057,231.42957,231.47057,231.18756,230.73756,230.58656,230.67757,230.58755,230.28256,229.94156,229.73456,229.61856,229.51857,229.30856,229.18356,229.06757,228.87956,228.72456,228.70256,228.81056,228.89757,228.91756,228.89357,228.73256,228.48756,228.37956,228.39557,227.94756,227.42157,227.19656,227.14757,226.77956,226.12556
232.25156,232.13356,231.84756,232.17557,232.20856,232.34357,232.37656,232.21056,231.84256,231.29056,231.23557,231.05556,230.88556,230.70157,230.62556,230.12656,229.59956,229.12756,228.96756,229.19156,229.30457,229.74257,230.38257,230.62357,230.78757,230.67957,230.58656,230.67557,230.75957,230.78056,230.70157,230.65256,230.27556,229.88356,229.84956,229.86757,229.81157,229.61456,229.40556,229.23956,229.09956,229.02856,228.94856,228.76857,228.58257,228.38156,228.32356,228.45656,228.60857,228.64056,228.76456,228.62157,228.23856,228.20456,228.11256,227.52856,227.12256,226.94556,226.84157,226.17256
231.77856,231.85857,231.90456,231.79256,231.53357,231.39056,231.41956,231.22256,231.07756,230.73656,230.57657,230.40656,230.13457,229.84357,229.24257,229.10756,228.83556,228.34956,227.66956,227.45557,227.91856,228.20056,228.26556,229.02356,229.42357,229.76256,230.00656,230.01857,229.89056,230.09956,230.18756,230.05356,229.82756,229.63857,229.31256,229.16457,229.17557,229.12856,229.09256,228.90756,228.82756,228.69756,228.65356,228.65157,228.45856,228.15756,227.95856,227.96056,228.21156,228.44257,228.60056,228.67856,228.34856,227.95856,228.01756,227.77257,227.21857,226.98956,226.83156,226.51256
